   0   0   1   2   3   4   5   6   7   8   9  10  11  12  13  14  15  16  17  18  19  20  21  22  23  24  25  26  27  28  29  30  31  32  33  34  35  36  37  38  39  40  41  42  43  44  45  46  47  48  49  50  51  52  53  54  55  56  57  58  59  60  61  62  63  64  65  66  67  68  69  70  71  72  73  74  75  76  77  78  79  80  81  82  83  84  85  86  87  88  89  90  91  92  93  94  95  96  97  98  99 100 101
   0   0   0  13   2   0   0   0   0   0   0   0   0   0   0   0   0   0   0   0   0   0   0   0   3   0   0   0   0   0   0   0   0   0   0   0   0   0  38   0   0   0   0   0   0   0   0   0   0  61   0   0   0   0   0   0   0   0   0   0   0   0   0   0   0   0  19   0  43   0   0   0   0   5   0   0  30   0   0   0   0   0   0   0   0   0   0   0   0   0   0   0   0   0   0   0   0   0   0   0   0   0   0
   1   0   0  47   0   0   0   3   0   0   0   0   0   0   0   0   0   0   0   0   0   0   0   0   0   0   0   0   0   0   0   0   5   0   0   0   0   0   0   0   0   0   0   0   0  60   0   0   0   0   0   0   0   0   0   0   0   0   0   0   0   0   0   0   0   0   0   0   0   0   0   0   0   0   0   0   0   5   0   0   0   0   0   0   0   0   0   0   0   0   0   0   0   0   0   0   0   0   0   0   0   0   0
   2  13  47   3   0   0   0   0   0   3   0  44   0   0   0   0   0   0  44   0   0   1   0   0   0   0   0   0   0   0   0   0   0   0   0   0   0   0   0   0  42   0   0   0   0  39   0   0   0  37   0   0   3   0   0   0   0   0   0   4   0   0   0   0   0   0  32   0   0   0   0   0   0   0   0   0   0   0   0   0   0   5   0   0   0   0   0   3   0   0   0   0   0   0   0   0   0   0   0   0   0   0   0
   3   2   0   0   0   0   0   0   0   0   0   0   0   0   0   0   0   0   0   0   0   0   0   0   0  39   0   0   0   0   0   0   0   0   0   0   0   0   0   0   0   0   0   0   0   0   0   0   0   0   0   0   0   0   0   0   0   0   0   0   0   0   0   0   0   0   0   0   0   0   0   0   0   0   4   0   0   0   4   1   0   0   0   0   0   0   0   0   0   0   0   5   0   0   0   0   0   0   0   0   0   0   0
   4   0   0   0   0   0   0   0   0   0   2   0   0   0   0   0   0   0   0   0   0   0   0   0   0   0   0   0   0   0   0   0   0   0   0   0   0   0   2   0   0   0   0   0   0   0   0   0   0   4   0   0   0   0   0   0   0   0   0   0   0   0   0   0   0   0   0   0  33   0   0   0   0   0   0   0   4   0   0   0   0   0   0   0   0   0   0   0   0   0   0   5   0   0   0   0   0   0   0   0   0   0   0
   5   0   0   0   0   0   0   0   0   0   0  38   0   0   0   0   0   0   0   0   0   0   0   0   0   0   0   0   0   0   0   0   0   0   0   0   0   0   1   0   0   0   0   0   0   0   0   0   0   0   0   0   0   0   0   0   0   0   0   0   0   0   0   0   3   0  55   0   0   0   0   0   0   0   0   0   0   0   0   0   0   0   0   0   0   0   0   0   0   0   0   0   0   0   0   0   0   0   0   1   0   0   0
   6   0   3   0   0   0   0   0   0   5   0   0   0   0   0   0   0   0   0   0   0   0   0   0   0   0   0   0   0   0   0   0   0   0   0   0   3   0   0   0   0   0   0   0   0   0   0   0   0   0   2   0   0   0   0   0   0   0   0   0   0   0   0   2   5   5   0   0   0   0   0   0   0   0   0   0   0   0   0   0   0   0   0   0   0   0   0   0   0   0   0   0   0   0   0   0   0   0   0   0   0   1   0
   7   0   0   0   0   0   0   0   0   0   0   0   0   0   0   0   0   0   0   0   0   0   0   0   3   0   0   0   0   3   0   0   0   0   0   0   0  44   0   0   0   0   0   0   4   0   0   0   0   0   0   0   0   0   0   0   0   1   0   0   0   0   0   0   0   0   0   0   0   0   0   0   0   0   0   0   0   0   0   0   0   0   0   0   0   0   0   0   0   0   0   0   0   0   0   0   0   0   0   0   0   0   0
   8   0   0   3   0   0   0   5   0   0   0   0   3  14   0   0   0   3   0  25   0   0   0   0   0   0   0   0   0   2   0   0   0   0   0   0   0   0   0   0   0   0   0   0   0   0   0   2   0  27   0   0   0   0   0   0   0   0   0   2   0   0   0   0   0  59  48   0   0   0   0   0   1   0   0   0   0   0   0   0   5   2   0   0   0   0   0   0   0   0   0   0   0   0   0   0   0   0   0   0   0   0   0
   9   0   0   0   0   2   0   0   0   0   0   0   0  41   0   0   0   0   0   0   0   0   0   0   0   0   0   0   0  25   0   0   0   0   0   0   0   0   0   0   0   0   0   0   0   0   0   0   0   0   0   0   0   0   0   0   0   0   5   2   0   0   0   0   0   0  51   0  34   0   0   0   0   0   0   0   0   0   0   0   0   0   0   0   0   0   0   4   0   0   0   0   0   0   0   0   0   0   0   0   0   0   0
  10   0   0  44   0   0  38   0   0   0   0   0   0   0   0   0   0   0   0   0   0   0   0   0   0   0   0   2   0   0   0   0   0   0   0   0   0   0   0   0  28   0   0   0   0   0   0   0   0  48   0   0   0   0   0   0   0   0   0   0   0   0   3   0   0   0  41   4   0   0   0   0   0   5   0   0   0   0   0   0   0   0   0   3   0   0   0   0   5   0   0   0   0   0   0   0   0   0   0   0   0   0   0
  11   0   0   0   0   0   0   0   0   3   0   0   0   0   0   0   0   0   0   0   0   0   0   0   0   0   0   0   0   0   0   0   0   0   0   0   0   0   0   0   0   0   0   0   0   0   0   0   0  35   0   0   0   0   0   0   0   0   0   0   0   0   0   0   0   0  24   0   0   0   0   0   2   0   0   0   0   0   0   0   0   5   0   0   0   0   0   0   0   0   0   0   0   0   0   0   0   0   0   0   0   0   0
  12   0   0   0   0   0   0   0   0  14  41   0   0   0  43   0   0   0   0   0   0   0   2   0   0   0   0   0   0  25   0   0   0   0   0   0   0  39  61   0   0   3   0   0   0   0   0   0   0   0   2   0   0   0   0   0   0   0   0   1   0   1   0   0   0   0   0   0   0   0   0   4  40   0   0   0   0   0   0   0   0   0   0   5   0   0   0   0   0   0   0   0   0   0   0   0   0   0   0   0   0   0   0
  13   0   0   0   0   0   0   0   0   0   0   0   0  43   0   0   0   0   0   0   0   0   0   0   0   0   0   0   0   0   0   0   0   0   0  44   0   0   0   0   0   0   0   0   0   0   0   0   0   0   0   0   0   0   0   0   0   0   0   0   0   0   0   0   0   0   0   0  54   0   0   0   0   0   0   0   0   0   0   0   0   0   0   0   0   0   0   0   0   0   0   0   0   0   0   5   0   0   0   0   0   0   0
  14   0   0   0   0   0   0   0   0   0   0   0   0   0   0   0   0   0   0   0   0   0   0   1   0   0   0   0   0   0   0   0   0   0   1   0   0   0   0   0   0   0   0   0   0   0   0   0   0   0   2   0   0   0   0   0  46   0   0   0   0   0   0   0   0   0   1   0   0   0   0   0   0   0   0   0   5   0   0   0   0   0   0   0   0   0   0   0   0   0   0   0   0   0   0   0   0   0   0   0   0   0   0
  15   0   0   0   0   0   0   0   0   0   0   0   0   0   0   0   0   0   0   0   0   0   0   0   0   0   0   0   0   0   0   0   0   0   0   0   0   0   0   0   0   0   0   0   0  55   0   0   0   0   0   0   0   0   0   0   0   0   0   0   0   0   0   0   0   0   0   0   0   2   0   5   0   0   0   0   3   0   0   0   0   0   1   0   0   0   0   0   0   0   0   0   0   4   0   0   0   0   0   0   0   0   0
  16   0   0   0   0   0   0   0   0   3   0   0   0   0   0   0   0   0   0   0   0   0   0   0   0   0   0   0   0  29   0   0   0   0   0   0   0  44   1   0   0   0   0   0   0   0   0   0   0   0   0   0   0   0   0   0   0   0   5   0   0   0   0   0   0   0   0   0   0   0   0   0  47   0   0   0   0   0   0   0   0   0   0   0   0   0   0   0   0   0   0   0   0   0   0   0   0   0   0   0   0   0   0
  17   0   0  44   0   0   0   0   0   0   0   0   0   0   0   0   0   0   0   0   0   0   0   0   0   0   0   0   0   0   0   0   0   0   2   0   0   0   0   0   0   0   0   0   1   0   0   0   0   0   0   0   0   0   0   0   0   0   0   0   0   0   0   0  39   0   0   0   0   0   4   0   0   0   0   0   0   0   0   0   0   0   0   0   0   0   0   0   0   0   5   0   0   0   0   0   0   0   0   0   0   0   0
  18   0   0   0   0   0   0   0   0  25   0   0   0   0   0   0   0   0   0   0   0   0   0   0   0   0   0   0   0   0   2   0   0   0   0   0   0   3   0   0   0   0   0   3   0   0   0   0   0   0   0   0   0   0   0   0   0   0   0   0   0   0   0   0   0   0   0   0   0   0   0   0   0   0   0   0   0   0   0   0   0   0   0   0   0   0   0   0   0   0   0   0   0   0   0   0   0   0   0   0   0   0   0
  19   0   0   0   0   0   0   0   0   0   0   0   0   0   0   0   0   0   0   0   0   0   0   0   0   0   0   0   0   0   0   1   0   0   0   0   0   0   0   0   0   4   0   0   0   0   0   0   0  17   0   0   0   0   3   0   0   0   0   0   0   0   0   0   0   0   1   0   0   0   0   0   0   0   0   0   0   0   5   0   0   0   2   0   0   0   0   0   0   0   0   0   0   0   0   0   0   0   5   0   0   0   0
  20   0   0   1   0   0   0   0   0   0   0   0   0   0   0   0   0   0   0   0   0   0   0   0   0   0   0   0   0  54   0   0   0   0   0   0   0   0   0   0   0   0   0   0   0   0  26   0   0  58   0   0   5   0   0   0  38   0   0   0   0   0   0   0   0   0   0   0   2   0   0   0   0   0   0   0   3   0   0   0   0   0   0   0   0   0   0   0   0   0   0   2   0   0   0   0   0   0   0   2   0   0   0
  21   0   0   0   0   0   0   0   0   0   0   0   0   2   0   0   0   0   0   0   0   0   0   0   0   0   0   0   0   0   0   3   0   0   0   0   0   0   0   0   0   5   0   0   0   0   0   0   0   0   0   0   0   0   0   0   0   0   0   0   4   0   0   0   0   0   0   0   0   0   0   0   0   0   0   0   0   0   0   0   0   0   0   0   0   0   0   0   0   0   3   0   0   2   0   0   0   0   0   0   0   0   0
  22   0   0   0   0   0   0   0   0   0   0   0   0   0   0   1   0   0   0   0   0   0   0   0   0   0   0   0   0   0   0   0   0   3   0   0   0   0   0   0  42   0   0   0   0   0   0   0   0   0   0   0   0   0   0   0   0   0   0   0   0   0   0   0  60   0  49   0   0   0   0   0   0   0   0   0   0   0   0   0   0   0   0   5   0   0   0   0   0   0   0   0   0   0   0   0   0   0   0   0   0   0   0
  23   3   0   0   0   0   0   0   3   0   0   0   0   0   0   0   0   0   0   0   0   0   0   0   0   0   0   0   2   2   0   0   0   0   0   0   0   0   0   0   0   0   0   0   0   0   0   0   0   0   0   0   0   0   3   0   0   0   0   0   0   0   0   0   0   0   0   0   0   0   0   0   0   0   0   0   0   0   0   0   0   0   0   5   0   0   0   0   0   0   0   4   0   0   0   0   0   1   0   0   0   2   3
  24   0   0   0  39   0   0   0   0   0   0   0   0   0   0   0   0   0   0   0   0   0   0   0   0   0   0   0   0   0   0   0   0   0   0   0   0  35   0   0   0   0   0   0   0   0   0   0   0   0   0   0   0   0   0   0   0   0   0   0   0   0   0   0   0   2   0   0   0   0   0   0   0   0   0   0   0   0   1   4   0   0   0   0   0   0   0   0   0   0   0   4   0   0   0   0   0   0   0   0   0   0   0
  25   0   0   0   0   0   0   0   0   0   0   0   0   0   0   0   0   0   0   0   0   0   0   0   0   0   0   0   0   0   0   0   0   0   0   0   0  51   5   0   0   0   0   0   0   0   0   0   0   0   0   0   0   0   0   0   0   0   0   0   0   0   0   0   0   0  21   0   0   0   0   0   0   0   0   0   0   0   0   0   0   0   0   0   0   0   0   0   0   0   0   0   0   0   0   0   0   0   0   0   0   0   0
  26   0   0   0   0   0   0   0   0   0   0   2   0   0   0   0   0   0   0   0   0   0   0   0   0   0   0   0   0   0   3   0   0   0   0   0   0   4   0   0   0   0   0   0   0   0   0   0   0   0   0   0   0   0   0   0   0   0   0   0   0   0   0   0   0   0   0   0   0   0   0   0   0   0   0   0   0   0   0   0   0   0   0   0   0   0   0   0   0   4   0   0   0   0   0   0   0   0   0   0   0   0   0
  27   0   0   0   0   0   0   0   0   0   0   0   0   0   0   0   0   0   0   0   0   0   0   0   2   0   0   0   0   5   0   0   0   0   5   0   0  40   0   0   0   0   0   3   0   0  45   0   0   0   0   0   0   0   0   0  36   0   0   0   0   0   0   0   0   0   0   0   0   0   3   0   0   0   0   0  49   0   0   0   0   0   0   0   0   0   0   0   0   0   0   0   0   4   0   0   0   0   2   0   0   0   0
  28   0   0   0   0   0   0   0   3   2  25   0   0  25   0   0   0  29   0   0   0  54   0   0   2   0   0   0   5   0   0   0   0   0   0   0   0   0   0   0   0   0   0   0   0   0  36   0   0  27   0   0   0   0   0   0  38   0   0   0   0   0   0   0   0   0   0   0   0   0   0   0   0   0   0   0  38   0   0   0   0   0   0   0   0   0   0   0   4   0   0   0   0   0   0   0   0   0   0   0   0   2   0
  29   0   0   0   0   0   0   0   0   0   0   0   0   0   0   0   0   0   0   2   0   0   0   0   0   0   0   3   0   0   0   0   0   0   0   0   0   0   0   5   0   0   0   0   0   0   0   0   0   0   5   0   0   0   1   0   0   0   0   0   4   0   0   0   0   0  60   0   0   5   0   0   0   0   0   0   0   0   0   0   0   0   0   0   0   0   0   0   0   0   0   0   0   0   0   0   0   0   3   0   0   0   0
  30   0   0   0   0   0   0   0   0   0   0   0   0   0   0   0   0   0   0   0   1   0   3   0   0   0   0   0   0   0   0   0   0   0   0   0   0   2   0   0   0   0   0   0   0   0   0   0   0   0   0   0   0   5   0   0   0   0   0   0   0   0   0   0   0   0  57   0   0   3   0   0   0   0   0   0   0   0   0   1   5   0   0   0   0   0   0   0   0   0   0   0   0   0   0   0   0   0   0   0   0   0   0
  31   0   5   0   0   0   0   0   0   0   0   0   0   0   0   0   0   0   0   0   0   0   0   0   0   0   0   0   0   0   0   0   0   0   0   0   0   0   0   0   0   0   0   0   0   0   0   0   0   0   0   0   0   0   0   0   0   0   0   0   0   0   3   0   0   0   0   0   0   0   0   0   0   0   0   0   0   0   0   0   0   0   0   0   0   0   0   0   0   1   0   3   0   0   0   0   0   0   0   0   0   0   0
  32   0   0   0   0   0   0   0   0   0   0   0   0   0   0   0   0   0   0   0   0   0   0   3   0   0   0   0   0   0   0   0   0   0   0   0   0   5  61   0   0   0   0   0   0   0   0   0   0   0   0   0   0   0   0   0   0   0   0   0   0   0   0   0   0   0  51   0  39   0   0   0   0   0   0   0   0   0   0   0   0   0   0   0   0   0   0   0   0   0   0   0   0   0   0   0   0   0   1   0   0   1   0
  33   0   0   0   0   0   0   0   0   0   0   0   0   0   0   1   0   0   2   0   0   0   0   0   0   0   0   0   5   0   0   0   0   0   0   0   0   0  43   4   3   0   0   0   3   0  37   0   0  41   0   0   0   0   0   0   0   0   0   0   0   0   0   0   0   0  19   0   0   0   0   0   0   0   0   0   0   0   0   0   0   0   0   0   0   0   0   0   4   0   0   0   0   0   0   0   0   0   0   0   0   0   0
  34   0   0   0   0   0   0   0   0   0   0   0   0   0  44   0   0   0   0   0   0   0   0   0   0   0   0   0   0   0   0   0   0   0   0   0   0  48   0   0   0   0   0   4   0   0   0   0   0   3   0   0   0   0   0   0   0   0   0   0   0   0   0   0   1   0   0   0   0   0   2   0   0   0   0   0   0   0   0   0   0   0   0   0   0   0   0   0   0   0   0   0   0   0   0   0   0   0   0   0   0   0   0
  35   0   0   0   0   0   0   3   0   0   0   0   0   0   0   0   0   0   0   0   0   0   0   0   0   0   0   0   0   0   0   0   0   0   0   0   0   0   2   0   0   0   0   0   0  26   0   0   0  61   0   0   0   0   0   0  36   4   0   0   0   0   0   0   0  57  35   0   0   0   0   0   0   0   0   0   0   0   0   0   0   0   0   0   0   0   0   0   0   0   0   0   0   0   0   0   0   0   0   0   0   0   0
  36   0   0   0   0   0   0   0  44   0   0   0   0  39   0   0   0  44   0   3   0   0   0   0   0  35  51   4  40   0   0   2   0   5   0  48   0   0   0   0   0   0   0   2   0   0   0   0   0   0   0   1   0   0   0   0   0   0   0   0   0   0   0   0   0   0   0   0   0   0   0   0   0   0   2   0   0   0   0   0   0   0   0   0   0   0   0   2   1   0   0   0   0   0   0   0   0   0   5   0   0   0   0
  37  38   0   0   0   2   1   0   0   0   0   0   0  61   0   0   0   1   0   0   0   0   0   0   0   0   5   0   0   0   0   0   0  61  43   0   2   0   0   0   0   0   2   0   0   0   0   0   0   0   1   3   0   0   0   0   0   0   0   0   0   0   0   0   0   0  35   0  61   0   0   0   2   0   0   0   0   0   0   0   0   0   0   0   0   0   0   0   0   0   0   0   0   0   0   0   0   0   0   0   0   0   0
  38   0   0   0   0   0   0   0   0   0   0   0   0   0   0   0   0   0   0   0   0   0   0   0   0   0   0   0   0   0   5   0   0   0   4   0   0   0   0   0   0   0   0   0   0   0   0   0   0  51   0   0   0   0   0   0   2   0   0   1   2   0   0   0  46   5  24   0   0   0   0   0   0   0   0   0   0   0   0   0   0   0   0   0   0   0   0   0   0   0   0   4   0   0   0   0   0   0   0   0   0   0   0
  39   0   0  42   0   0   0   0   0   0   0  28   0   0   0   0   0   0   0   0   0   0   0  42   0   0   0   0   0   0   0   0   0   0   3   0   0   0   0   0   0   0   0   0   0   0   0   0   0  33   0   0   0   0   0   0   0   0   0   0   0   0   0   0   0   0  42   0   0   0   0   0  40   0   0   0   0   0   0   0   0   0   0   0   0   0   0   0   0   0   0   0   0   0   0   0   0   0   0   0   0   0   0
  40   0   0   0   0   0   0   0   0   0   0   0   0   3   0   0   0   0   0   0   4   0   5   0   0   0   0   0   0   0   0   0   0   0   0   0   0   0   0   0   0   0   0   0   0   0   0   0   0  48   0   0   0   0   0   0   0   0   0   0   0   0   0   0  46   0  37   0   4   0   0   0   0   0   0   0   0   0   0   0   0   0   0   5   0   0   0   0   0   0   0   0   0   0   0   0   0   0   0   0   0   0   0
  41   0   0   0   0   0   0   0   0   0   0   0   0   0   0   0   0   0   0   0   0   0   0   0   0   0   0   0   0   0   0   0   0   0   0   0   0   0   2   0   0   0   0   1   0   0   0   0   0  18   0   0   0   0   0   0   0   0   0   0   0   0   0   0   0   0   0   0   0   1   0   0   5   0   0   0   0   0   0   0   0   4   0   0   0   0   0   0   0   0   0   0   1   0   0   0   0   0   0   0   0   0   0
  42   0   0   0   0   0   0   0   0   0   0   0   0   0   0   0   0   0   0   3   0   0   0   0   0   0   0   0   3   0   0   0   0   0   0   4   0   2   0   0   0   0   1   0   0   0   0   0   0   0   0   0   0   0   0   1   0   0   0   0   0   0   0   0   0  41   0   0   0   0   0   0   2   0   0   0   0   0   0   0   0   0   0   0   0   0   0   0   0   0   0   0   0   0   0   0   0   0   0   1   0   0   0
  43   0   0   0   0   0   0   0   4   0   0   0   0   0   0   0   0   0   1   0   0   0   0   0   0   0   0   0   0   0   0   0   0   0   3   0   0   0   0   0   0   0   0   0   0   0   0   0   0   0   0   0   1   0   0   0   3   0   0   0   0   0   0   0   0   0   0   0   0   0   0   0  50   0   0   0   0   0   0   0   0   0   0   0   0   0   0   0   0   0   0   0   0   0   0   0   0   0   0   0   0   0   0
  44   0  60  39   0   0   0   0   0   0   0   0   0   0   0   0  55   0   0   0   0   0   0   0   0   0   0   0   0   0   0   0   0   0   0   0  26   0   0   0   0   0   0   0   0   0   0   0   0   0   0   0   0   0   4   3   0   0   0   0   0   0   0   0   0   0   0   0   0   0   0   0   3   0   5   0   0   0   0   0   0   0   0   0   0   0   0   0   0   0   0   0   0   0   2   0   0   0   0   0   0   0   0
  45   0   0   0   0   0   0   0   0   0   0   0   0   0   0   0   0   0   0   0   0  26   0   0   0   0   0   0  45  36   0   0   0   0  37   0   0   0   0   0   0   0   0   0   0   0   0   0   0   0   0   0   0   0   0   0   0   0   0   0   0   5   0   0   0   0   0   0   0   0   0   0   0   0   0   0   0   0   0   0   0   0   0   0   0   0   0   0   0   0   0   0   0   0   0   0   0   0   0   0   0   0   0
  46   0   0   0   0   0   0   0   0   2   0   0   0   0   0   0   0   0   0   0   0   0   0   0   0   0   0   0   0   0   0   0   0   0   0   0   0   0   0   0   0   0   0   0   0   0   0   0   3  17   0   0   0   0   0   0   0   0   0   0   0   0   0   0   0   5   0   0   0   0   4   0   0   0   0   0   0   0   0   0   0   0   0   0   0   0   0   0   0   1   0   0   1   0   2   0   0   0   0   0   0   0   0
  47   0   0   0   0   0   0   0   0   0   0   0   0   0   0   0   0   0   0   0   0   0   0   0   0   0   0   0   0   0   0   0   0   0   0   0   0   0   0   0   0   0   0   0   0   0   0   3   0  43   0   0   0   0   0   0   0   0   0   5   0   4   0   0   0   0   5   0   0   0   0   0  57   0   0   5   0   0   0   0   2   0   0   0   0   0   0   0   0   0   0   0   0   0   0   0   0   0   0   4   0   0   0
  48  61   0  37   0   4   0   0   0  27   0  48  35   0   0   0   0   0   0   0  17  58   0   0   0   0   0   0   0  27   0   0   0   0  41   3  61   0   0  51  33  48  18   0   0   0   0  17  43   0   0   0   0   0   0   0   0   0   0   0   0   0   0   0  53   0  35   0   0   0   0   0   0   0   0   0  34   0   0   0   0   0   0   0   0   0   0   0   0   0   0   0   0   0   0   0   0   0   0   0   0   0   0
  49   0   0   0   0   0   0   2   0   0   0   0   0   2   0   2   0   0   0   0   0   0   0   0   0   0   0   0   0   0   5   0   0   0   0   0   0   0   1   0   0   0   0   0   0   0   0   0   0   0   0   0   0   0   0   0   0   0   0   0   0   0   0   0   0   0  12   0  24   0   0   0   0   0   0   0   0   0   0   0   0   0   0   0   0   0   0   0   0   0   0   3   0   0   0   0   0   0   0   0   0   0   0
  50   0   0   0   0   0   0   0   0   0   0   0   0   0   0   0   0   0   0   0   0   0   0   0   0   0   0   0   0   0   0   0   0   0   0   0   0   1   3   0   0   0   0   0   0   0   0   0   0   0   0   0   0   0   0   0   0   0   0   0   0   0   0   0   0   0   0   0   0   0   0   0   0   0   0   0   0   0   0   0   0   0   0   0   0   0   0   0   0   0   0   0   0   0   0   0   0   0   0   0   0   0   0
  51   0   0   3   0   0   0   0   0   0   0   0   0   0   0   0   0   0   0   0   0   5   0   0   0   0   0   0   0   0   0   0   0   0   0   0   0   0   0   0   0   0   0   0   1   0   0   0   0   0   0   0   0   0   0   0   0   4   0   0   0   0   0   0   0   0  28   0   0   0   0   0   0   0   0   0   0   0   0   0   0   0   0   0   0   0   0   0   0   0   0   0   0   0   0   0   0   0   0   0   0   0   0
  52   0   0   0   0   0   0   0   0   0   0   0   0   0   0   0   0   0   0   0   0   0   0   0   0   0   0   0   0   0   0   5   0   0   0   0   0   0   0   0   0   0   0   0   0   0   0   0   0   0   0   0   0   0   0   0   0   0   0   0   0   0   0   0   0   0  31   0   0   0   0   0   0   0   0   0   0   0   0   1   0   0   0   0   0   0   0   0   0   0   0   0   0   0   0   0   0   0   0   0   0   0   0
  53   0   0   0   0   0   0   0   0   0   0   0   0   0   0   0   0   0   0   0   3   0   0   0   3   0   0   0   0   0   1   0   0   0   0   0   0   0   0   0   0   0   0   0   0   4   0   0   0   0   0   0   0   0   0   0   0   0   0   0   0   0   0   0   0   0   0   0   0   0   0   0   3   0   0   0   0   0   0   0   0   0   0   0   0   0   0   0   0   0   0   2   0   0   0   0   0   0   0   5   0   0   0
  54   0   0   0   0   0   0   0   0   0   0   0   0   0   0   0   0   0   0   0   0   0   0   0   0   0   0   0   0   0   0   0   0   0   0   0   0   0   0   0   0   0   0   1   0   3   0   0   0   0   0   0   0   0   0   0  54   0   0   0   0   0   0   1  33   0   0   0   4   0   3   0   0   0   0   0  42   0   0   0   0   0   0   0   0   2   0   0   0   0   0   0   0   0   4   0   0   0   0   1   0   0   0
  55   0   0   0   0   0   0   0   0   0   0   0   0   0   0  46   0   0   0   0   0  38   0   0   0   0   0   0  36  38   0   0   0   0   0   0  36   0   0   2   0   0   0   0   3   0   0   0   0   0   0   0   0   0   0  54   0   0   0   0   0   0   0   0   0   0   0   0   4   0   0   0   0   0   0   0  29   0   0   0   0   0   0   0   0   0   0   3   2   0   0   0   0   0   0   0   0   0   0   0   0   0   0
  56   0   0   0   0   0   0   0   1   0   0   0   0   0   0   0   0   0   0   0   0   0   0   0   0   0   0   0   0   0   0   0   0   0   0   0   4   0   0   0   0   0   0   0   0   0   0   0   0   0   0   0   4   0   0   0   0   0   0   0   0   0   0   0   0   0   0   0  43   0   0   0   0   0   0   0   0   0   0   2   0   0   5   0   0   0   0   0   0   0   0   0   0   0   0   0   0   0   0   0   0   0   0
  57   0   0   0   0   0   0   0   0   0   5   0   0   0   0   0   0   5   0   0   0   0   0   0   0   0   0   0   0   0   0   0   0   0   0   0   0   0   0   0   0   0   0   0   0   0   0   0   0   0   0   0   0   0   0   0   0   0   0   0   0   0   0   0   0   0  32   0   5   0   0   0   0   0   0   0   0   0   0   0   0   0   0   0   0   0   0   0   0   0   0   0   0   0   0   0   0   0   0   0   0   0   0
  58   0   0   4   0   0   0   0   0   2   2   0   0   1   0   0   0   0   0   0   0   0   0   0   0   0   0   0   0   0   0   0   0   0   0   0   0   0   0   1   0   0   0   0   0   0   0   0   5   0   0   0   0   0   0   0   0   0   0   0   0   0   0   2   0   0   0   0   0   0   0   0   0   2   0   0   0   0   0   0   0   0   0   0   0   0   0   0   0   0   0   0   0   0   0   0   0   0   0   0   0   0   0
  59   0   0   0   0   0   0   0   0   0   0   0   0   0   0   0   0   0   0   0   0   0   4   0   0   0   0   0   0   0   4   0   0   0   0   0   0   0   0   2   0   0   0   0   0   0   0   0   0   0   0   0   0   0   0   0   0   0   0   0   0   0   0   0   0   0  35   0  43   0   0   0   5   0   0   0   0   0   0   0   0   0   0   0   0   0   0   0   0   0   0   0   0   0   0   0   0   0   0   0   0   0   0
  60   0   0   0   0   0   0   0   0   0   0   0   0   1   0   0   0   0   0   0   0   0   0   0   0   0   0   0   0   0   0   0   0   0   0   0   0   0   0   0   0   0   0   0   0   0   5   0   4   0   0   0   0   0   0   0   0   0   0   0   0   0   0   0   0   0  39   0   0   0   0   5   0   0   0   0   0   0   0   3   0   0   0   0   0   0   0   0   0   0   0   0   0   0   0   0   0   0   0   0   0   0   0
  61   0   0   0   0   0   0   0   0   0   0   3   0   0   0   0   0   0   0   0   0   0   0   0   0   0   0   0   0   0   0   0   3   0   0   0   0   0   0   0   0   0   0   0   0   0   0   0   0   0   0   0   0   0   0   0   0   0   0   0   0   0   4   0   0   0   0   0   0   0   0   0   0   0   0   0   0   0   0   0   0   0   0   0   0   0   0   0   1   0   0   0   0   0   0   0   0   0   0   0   0   0   0
  62   0   0   0   0   0   0   2   0   0   0   0   0   0   0   0   0   0   0   0   0   0   0   0   0   0   0   0   0   0   0   0   0   0   0   0   0   0   0   0   0   0   0   0   0   0   0   0   0   0   0   0   0   0   0   1   0   0   0   2   0   0   0   0   0   0   0   0   0   0   0   0   0   0   0   0  46   0   0   0   0   0   0   0   0   0   0   0   0   0   0   0   0   0   0   0   0   0   0   0   0   0   0
  63   0   0   0   0   0   3   5   0   0   0   0   0   0   0   0   0   0  39   0   0   0   0  60   0   0   0   0   0   0   0   0   0   0   0   1   0   0   0  46   0  46   0   0   0   0   0   0   0  53   0   0   0   0   0  33   0   0   0   0   0   0   0   0   0   0  43   1   0   0   0   0  51   0   0   0   0   0   0   0   0   0   0   0   0   0   0   0   0   0   0   0   0   0   0   0   0   0   0   0   0   0   0
  64   0   0   0   0   0   0   5   0  59   0   0   0   0   0   0   0   0   0   0   0   0   0   0   0   2   0   0   0   0   0   0   0   0   0   0  57   0   0   5   0   0   0  41   0   0   0   5   0   0   0   0   0   0   0   0   0   0   0   0   0   0   0   0   0   0  16   0   0   0   0   0   0   0   0   0   5   0   0   0   0   0   0   0   0   0   0   0   0   0   1   0   0   0   0   0   0   0   0   0   0   0   0
  65  19   0  32   0   0  55   0   0  48  51  41  24   0   0   1   0   0   0   0   1   0   0  49   0   0  21   0   0   0  60  57   0  51  19   0  35   0  35  24  42  37   0   0   0   0   0   0   5  35  12   0  28  31   0   0   0   0  32   0  35  39   0   0  43  16   0   0   0   0   0   0   0   0   2   0   0   0   0   0   0   0   0   0   0   0   0   0   0   0   0   0   0   0   0   0   0   0   0   0   0   0   0
  66   0   0   0   0   0   0   0   0   0   0   4   0   0   0   0   0   0   0   0   0   0   0   0   0   0   0   0   0   0   0   0   0   0   0   0   0   0   0   0   0   0   0   0   0   0   0   0   0   0   0   0   0   0   0   0   0   0   0   0   0   0   0   0   1   0   0   0   0   0   0   0   0   0   0   0   0   0   0   0   0   0   0   0   0   0   0   0   0   0   0   0   0   0   0   0   0   0   0   0   0   1   0
  67  43   0   0   0  33   0   0   0   0  34   0   0   0  54   0   0   0   0   0   0   2   0   0   0   0   0   0   0   0   0   0   0  39   0   0   0   0  61   0   0   4   0   0   0   0   0   0   0   0  24   0   0   0   0   4   4  43   5   0  43   0   0   0   0   0   0   0   0   0   0   0   0   0   0   2   0   0   0   0   0   0   0   0   0   1   0   0   3   3   0   0   0   0   0   0   0   0   0   0   0   0   0
  68   0   0   0   0   0   0   0   0   0   0   0   0   0   0   0   2   0   0   0   0   0   0   0   0   0   0   0   0   0   5   3   0   0   0   0   0   0   0   0   0   0   1   0   0   0   0   0   0   0   0   0   0   0   0   0   0   0   0   0   0   0   0   0   0   0   0   0   0   0   0   0   0   0   0   0   0   4   0   5   0   0   0   0   0   0   0   0   0   0   0   0   0   0   0   0   0   0   0   0   0   4   0
  69   0   0   0   0   0   0   0   0   0   0   0   0   0   0   0   0   0   4   0   0   0   0   0   0   0   0   0   3   0   0   0   0   0   0   2   0   0   0   0   0   0   0   0   0   0   0   4   0   0   0   0   0   0   0   3   0   0   0   0   0   0   0   0   0   0   0   0   0   0   0   0   0   0   0   0   0   0   0   0   0   0   0   0   0   0   0   0   0   0   0   0   0   0   0   0   0   0   0   0   0   0   0
  70   0   0   0   0   0   0   0   0   0   0   0   0   4   0   0   5   0   0   0   0   0   0   0   0   0   0   0   0   0   0   0   0   0   0   0   0   0   0   0   0   0   0   0   0   0   0   0   0   0   0   0   0   0   0   0   0   0   0   0   0   5   0   0   0   0   0   0   0   0   0   0   0   0   0   0   0   0   0   0   0   0   0   0   0   0   0   0   0   0   0   0   0   0   0   5   0   0   0   0   0   0   0
  71   0   0   0   0   0   0   0   0   1   0   0   2  40   0   0   0  47   0   0   0   0   0   0   0   0   0   0   0   0   0   0   0   0   0   0   0   0   2   0  40   0   5   2  50   3   0   0  57   0   0   0   0   0   3   0   0   0   0   0   5   0   0   0  51   0   0   0   0   0   0   0   0   0   0   0   0   0   0   0   5   0   0   0   0   0   1   0   0   0   0   4   0   0   0   0   0   0   0   0   0   0   0
  72   5   0   0   0   0   0   0   0   0   0   5   0   0   0   0   0   0   0   0   0   0   0   0   0   0   0   0   0   0   0   0   0   0   0   0   0   0   0   0   0   0   0   0   0   0   0   0   0   0   0   0   0   0   0   0   0   0   0   2   0   0   0   0   0   0   0   0   0   0   0   0   0   0   0   0   0   0   0   0   0   0   0   0   0   0   0   0   4   0   0   1   0   0   5   0   0   0   0   5   0   0   0
  73   0   0   0   4   0   0   0   0   0   0   0   0   0   0   0   0   0   0   0   0   0   0   0   0   0   0   0   0   0   0   0   0   0   0   0   0   2   0   0   0   0   0   0   0   5   0   0   0   0   0   0   0   0   0   0   0   0   0   0   0   0   0   0   0   0   2   0   0   0   0   0   0   0   0   0   0   0   0   0   0   0   0   0   0   0   0   0   0   0   0   0   0   0   0   0   0   0   1   0   0   2   0
  74   0   0   0   0   0   0   0   0   0   0   0   0   0   0   0   0   0   0   0   0   0   0   0   0   0   0   0   0   0   0   0   0   0   0   0   0   0   0   0   0   0   0   0   0   0   0   0   5   0   0   0   0   0   0   0   0   0   0   0   0   0   0   0   0   0   0   0   2   0   0   0   0   0   0   0   0   0   0   0   0   0   0   0   0   0   0   0   0   0   0   0   0   0   0   0   0   0   5   0   0   0   0
  75  30   0   0   0   4   0   0   0   0   0   0   0   0   0   5   3   0   0   0   0   3   0   0   0   0   0   0  49  38   0   0   0   0   0   0   0   0   0   0   0   0   0   0   0   0   0   0   0  34   0   0   0   0   0  42  29   0   0   0   0   0   0  46   0   5   0   0   0   0   0   0   0   0   0   0   0  14   0   0   0   0   0   0   0   0   0   0   0   0   0   0   0   0   0   0   0   0   0   1   0   0   0
  76   0   5   0   0   0   0   0   0   0   0   0   0   0   0   0   0   0   0   0   0   0   0   0   0   0   0   0   0   0   0   0   0   0   0   0   0   0   0   0   0   0   0   0   0   0   0   0   0   0   0   0   0   0   0   0   0   0   0   0   0   0   0   0   0   0   0   0   0   4   0   0   0   0   0   0  14   0   0   0   0   0   0   0   0   0   0   0   0   0   0   0   0   0   0   0   0   0   0   0   4   0   0
  77   0   0   0   4   0   0   0   0   0   0   0   0   0   0   0   0   0   0   0   5   0   0   0   0   1   0   0   0   0   0   0   0   0   0   0   0   0   0   0   0   0   0   0   0   0   0   0   0   0   0   0   0   0   0   0   0   0   0   0   0   0   0   0   0   0   0   0   0   0   0   0   0   0   0   0   0   0   0   0   0   0   0   0   0   0   0   0   0   0   0   0   0   0   0   0   0   2   0   0   0   0   0
  78   0   0   0   1   0   0   0   0   0   0   0   0   0   0   0   0   0   0   0   0   0   0   0   0   4   0   0   0   0   0   1   0   0   0   0   0   0   0   0   0   0   0   0   0   0   0   0   0   0   0   0   0   1   0   0   0   2   0   0   0   3   0   0   0   0   0   0   0   5   0   0   0   0   0   0   0   0   0   0   0   0   0   0   0   0   0   0   0   0   0   0   0   4   0   0   0   0   0   0   0   0   0
  79   0   0   0   0   0   0   0   0   5   0   0   0   0   0   0   0   0   0   0   0   0   0   0   0   0   0   0   0   0   0   5   0   0   0   0   0   0   0   0   0   0   0   0   0   0   0   0   2   0   0   0   0   0   0   0   0   0   0   0   0   0   0   0   0   0   0   0   0   0   0   0   5   0   0   0   0   0   0   0   0   0   0   0   0   0   0   0   0   0   0   0   0   0   0   0   0   0   0   0   0   0   0
  80   0   0   5   0   0   0   0   0   2   0   0   5   0   0   0   0   0   0   0   0   0   0   0   0   0   0   0   0   0   0   0   0   0   0   0   0   0   0   0   0   0   4   0   0   0   0   0   0   0   0   0   0   0   0   0   0   0   0   0   0   0   0   0   0   0   0   0   0   0   0   0   0   0   0   0   0   0   0   0   0   0   0   0   0   0   0   0   0   0   0   0   2   0   0   0   0   0   0   0   0   0   0
  81   0   0   0   0   0   0   0   0   0   0   0   0   0   0   0   1   0   0   0   2   0   0   0   0   0   0   0   0   0   0   0   0   0   0   0   0   0   0   0   0   0   0   0   0   0   0   0   0   0   0   0   0   0   0   0   0   5   0   0   0   0   0   0   0   0   0   0   0   0   0   0   0   0   0   0   0   0   0   0   0   0   0   0   0   0   0   0   0   0   0   0   0   0   0   0   0   0   0   0   0   0   0
  82   0   0   0   0   0   0   0   0   0   0   3   0   5   0   0   0   0   0   0   0   0   0   5   5   0   0   0   0   0   0   0   0   0   0   0   0   0   0   0   0   5   0   0   0   0   0   0   0   0   0   0   0   0   0   0   0   0   0   0   0   0   0   0   0   0   0   0   0   0   0   0   0   0   0   0   0   0   0   0   0   0   0   0   0   0   0   0   1   0   0   0   0   0   0   0   0   0   0   0   0   0   0
  83   0   0   0   0   0   0   0   0   0   0   0   0   0   0   0   0   0   0   0   0   0   0   0   0   0   0   0   0   0   0   0   0   0   0   0   0   0   0   0   0   0   0   0   0   0   0   0   0   0   0   0   0   0   0   0   0   0   0   0   0   0   0   0   0   0   0   0   0   0   0   0   0   0   0   0   0   0   0   0   0   0   0   0   0   0   0   4   0   0   0   0   0   0   0   0   0   0   0   0   0   0   0
  84   0   0   0   0   0   0   0   0   0   0   0   0   0   0   0   0   0   0   0   0   0   0   0   0   0   0   0   0   0   0   0   0   0   0   0   0   0   0   0   0   0   0   0   0   0   0   0   0   0   0   0   0   0   0   2   0   0   0   0   0   0   0   0   0   0   0   0   1   0   0   0   0   0   0   0   0   0   0   0   0   0   0   0   0   0   0   0   0   0   0   0   0   0   0   0   0   0   0   0   0   0   0
  85   0   0   0   0   0   0   0   0   0   0   0   0   0   0   0   0   0   0   0   0   0   0   0   0   0   0   0   0   0   0   0   0   0   0   0   0   0   0   0   0   0   0   0   0   0   0   0   0   0   0   0   0   0   0   0   0   0   0   0   0   0   0   0   0   0   0   0   0   0   0   0   1   0   0   0   0   0   0   0   0   0   0   0   0   0   0   0   0   0   0   0   0   0   0   0   0   0   0   0   0   0   0
  86   0   0   3   0   0   0   0   0   0   4   0   0   0   0   0   0   0   0   0   0   0   0   0   0   0   0   0   0   0   0   0   0   0   0   0   0   2   0   0   0   0   0   0   0   0   0   0   0   0   0   0   0   0   0   0   3   0   0   0   0   0   0   0   0   0   0   0   0   0   0   0   0   0   0   0   0   0   0   0   0   0   0   0   4   0   0   0   0   0   0   0   0   0   0   0   0   0   0   0   0   0   0
  87   0   0   0   0   0   0   0   0   0   0   5   0   0   0   0   0   0   0   0   0   0   0   0   0   0   0   0   0   4   0   0   0   0   4   0   0   1   0   0   0   0   0   0   0   0   0   0   0   0   0   0   0   0   0   0   2   0   0   0   0   0   1   0   0   0   0   0   3   0   0   0   0   4   0   0   0   0   0   0   0   0   0   1   0   0   0   0   0   0   0   0   0   0   0   0   0   0   0   0   0   0   0
  88   0   0   0   0   0   0   0   0   0   0   0   0   0   0   0   0   0   0   0   0   0   0   0   0   0   0   4   0   0   0   0   1   0   0   0   0   0   0   0   0   0   0   0   0   0   0   1   0   0   0   0   0   0   0   0   0   0   0   0   0   0   0   0   0   0   0   0   3   0   0   0   0   0   0   0   0   0   0   0   0   0   0   0   0   0   0   0   0   0   0   0   0   0   0   0   0   0   0   0   0   0   0
  89   0   0   0   0   0   0   0   0   0   0   0   0   0   0   0   0   0   5   0   0   0   3   0   0   0   0   0   0   0   0   0   0   0   0   0   0   0   0   0   0   0   0   0   0   0   0   0   0   0   0   0   0   0   0   0   0   0   0   0   0   0   0   0   0   1   0   0   0   0   0   0   0   0   0   0   0   0   0   0   0   0   0   0   0   0   0   0   0   0  86   0   2   0   0   0   0   0   0   0   0   0   0
  90   0   0   0   5   5   0   0   0   0   0   0   0   0   0   0   0   0   0   0   0   2   0   0   4   4   0   0   0   0   0   0   3   0   0   0   0   0   0   4   0   0   0   0   0   0   0   0   0   0   3   0   0   0   2   0   0   0   0   0   0   0   0   0   0   0   0   0   0   0   0   0   4   1   0   0   0   0   0   0   0   0   0   0   0   0   0   0   0   0   0   0   0   0   0   0   0   0   0   0   0   0   0
  91   0   0   0   0   0   0   0   0   0   0   0   0   0   0   0   0   0   0   0   0   0   0   0   0   0   0   0   0   0   0   0   0   0   0   0   0   0   0   0   0   0   1   0   0   0   0   1   0   0   0   0   0   0   0   0   0   0   0   0   0   0   0   0   0   0   0   0   0   0   0   0   0   0   0   0   0   0   0   0   0   2   0   0   0   0   0   0   0   0   2   0   0   0   0   0   0   0   0   0   0   0   0
  92   0   0   0   0   0   0   0   0   0   0   0   0   0   0   0   4   0   0   0   0   0   2   0   0   0   0   0   4   0   0   0   0   0   0   0   0   0   0   0   0   0   0   0   0   0   0   0   0   0   0   0   0   0   0   0   0   0   0   0   0   0   0   0   0   0   0   0   0   0   0   0   0   0   0   0   0   0   0   4   0   0   0   0   0   0   0   0   0   0   0   0   0   0   0   0   0   0   4   0   0   0   0
  93   0   0   0   0   0   0   0   0   0   0   0   0   0   0   0   0   0   0   0   0   0   0   0   0   0   0   0   0   0   0   0   0   0   0   0   0   0   0   0   0   0   0   0   0   2   0   2   0   0   0   0   0   0   0   4   0   0   0   0   0   0   0   0   0   0   0   0   0   0   0   0   0   5   0   0   0   0   0   0   0   0   0   0   0   0   0   0   0   0   0   0   0   0   0   3   0   0   0   0   0   0   0
  94   0   0   0   0   0   0   0   0   0   0   0   0   0   5   0   0   0   0   0   0   0   0   0   0   0   0   0   0   0   0   0   0   0   0   0   0   0   0   0   0   0   0   0   0   0   0   0   0   0   0   0   0   0   0   0   0   0   0   0   0   0   0   0   0   0   0   0   0   0   0   5   0   0   0   0   0   0   0   0   0   0   0   0   0   0   0   0   0   0   0   0   0   0   3   0   0   0   0   0   0   0   0
  95   0   0   0   0   0   0   0   0   0   0   0   0   0   0   0   0   0   0   0   0   0   0   0   0   0   0   0   0   0   0   0   0   0   0   0   0   0   0   0   0   0   0   0   0   0   0   0   0   0   0   0   0   0   0   0   0   0   0   0   0   0   0   0   0   0   0   0   0   0   0   0   0   0   0   0   0   0   0   0   0   0   0   0   0   0   0   0   0   0   0   0   0   0   0   0   0   0   0   0   0   0   0
  96   0   0   0   0   0   0   0   0   0   0   0   0   0   0   0   0   0   0   0   0   0   0   0   1   0   0   0   0   0   0   0   0   0   0   0   0   0   0   0   0   0   0   0   0   0   0   0   0   0   0   0   0   0   0   0   0   0   0   0   0   0   0   0   0   0   0   0   0   0   0   0   0   0   0   0   0   0   2   0   0   0   0   0   0   0   0   0   0   0   0   0   0   0   0   0   0   0   0   0   1   0   0
  97   0   0   0   0   0   0   0   0   0   0   0   0   0   0   0   0   0   0   0   5   0   0   0   0   0   0   0   2   0   3   0   0   1   0   0   0   5   0   0   0   0   0   0   0   0   0   0   0   0   0   0   0   0   0   0   0   0   0   0   0   0   0   0   0   0   0   0   0   0   0   0   0   0   1   5   0   0   0   0   0   0   0   0   0   0   0   0   0   0   0   0   0   4   0   0   0   0   0   0   0   0   0
  98   0   0   0   0   0   1   0   0   0   0   0   0   0   0   0   0   0   0   0   0   2   0   0   0   0   0   0   0   0   0   0   0   0   0   0   0   0   0   0   0   0   0   1   0   0   0   0   4   0   0   0   0   0   5   1   0   0   0   0   0   0   0   0   0   0   0   0   0   0   0   0   0   5   0   0   1   0   0   0   0   0   0   0   0   0   0   0   0   0   0   0   0   0   0   0   0   0   0   0   0   0   0
  99   0   0   0   0   0   0   0   0   0   0   0   0   0   0   0   0   0   0   0   0   0   0   0   0   0   0   0   0   0   0   0   0   0   0   0   0   0   0   0   0   0   0   0   0   0   0   0   0   0   0   0   0   0   0   0   0   0   0   0   0   0   0   0   0   0   0   0   0   0   0   0   0   0   0   0   0   4   0   0   0   0   0   0   0   0   0   0   0   0   0   0   0   0   0   0   0   1   0   0   0   0   0
 100   0   0   0   0   0   0   1   0   0   0   0   0   0   0   0   0   0   0   0   0   0   0   0   2   0   0   0   0   2   0   0   0   1   0   0   0   0   0   0   0   0   0   0   0   0   0   0   0   0   0   0   0   0   0   0   0   0   0   0   0   0   0   0   0   0   0   1   0   4   0   0   0   0   2   0   0   0   0   0   0   0   0   0   0   0   0   0   0   0   0   0   0   0   0   0   0   0   0   0   0   0   0
 101   0   0   0   0   0   0   0   0   0   0   0   0   0   0   0   0   0   0   0   0   0   0   0   3   0   0   0   0   0   0   0   0   0   0   0   0   0   0   0   0   0   0   0   0   0   0   0   0   0   0   0   0   0   0   0   0   0   0   0   0   0   0   0   0   0   0   0   0   0   0   0   0   0   0   0   0   0   0   0   0   0   0   0   0   0   0   0   0   0   0   0   0   0   0   0   0   0   0   0   0   0   0


{Node №   0   Name:    Акшинцев         Memory:  37 Activity:  22 RED =  -1 GREEN =  -1 BLUE =  -1 }
{Node №   1   Name:    Аликс            Memory:  37 Activity:  22 RED =  -1 GREEN =  -1 BLUE =  -1 }
{Node №   2   Name:    Алоян            Memory:  37 Activity:  22 RED =  1 GREEN =  1 BLUE =  1 }
{Node №   3   Name:    Армяков          Memory:  37 Activity:  22 RED =  -1 GREEN =  -1 BLUE =  -1 }
{Node №   4   Name:    Асланов          Memory:  37 Activity:  22 RED =  -1 GREEN =  -1 BLUE =  -1 }
{Node №   5   Name:    Аст              Memory:  37 Activity:  22 RED =  -1 GREEN =  -1 BLUE =  -1 }
{Node №   6   Name:    Ренька           Memory:  37 Activity:  22 RED =  -1 GREEN =  -1 BLUE =  -1 }
{Node №   7   Name:    Бурлаков         Memory:  37 Activity:  22 RED =  -1 GREEN =  -1 BLUE =  -1 }
{Node №   8   Name:    Вахник           Memory:  37 Activity:  22 RED =  -1 GREEN =  -1 BLUE =  -1 }
{Node №   9   Name:    Верещагина       Memory:  37 Activity:  22 RED =  -1 GREEN =  -1 BLUE =  -1 }
{Node №   10  Name:    Вершинин         Memory:  37 Activity:  22 RED =  1 GREEN =  -1 BLUE =  -1 }
{Node №   11  Name:    Винявский        Memory:  37 Activity:  22 RED =  -1 GREEN =  -1 BLUE =  -1 }
{Node №   12  Name:    Воробьева        Memory:  37 Activity:  22 RED =  -1 GREEN =  -1 BLUE =  -1 }
{Node №   13  Name:    Втулов           Memory:  37 Activity:  22 RED =  -1 GREEN =  -1 BLUE =  -1 }
{Node №   14  Name:    ГА               Memory:  37 Activity:  22 RED =  -1 GREEN =  -1 BLUE =  -1 }
{Node №   15  Name:    Гельфер          Memory:  37 Activity:  22 RED =  -1 GREEN =  -1 BLUE =  -1 }
{Node №   16  Name:    Головлева        Memory:  37 Activity:  22 RED =  -1 GREEN =  -1 BLUE =  -1 }
{Node №   17  Name:    Горьковенко      Memory:  37 Activity:  22 RED =  -1 GREEN =  -1 BLUE =  -1 }
{Node №   18  Name:    Денисов          Memory:  37 Activity:  22 RED =  -1 GREEN =  -1 BLUE =  -1 }
{Node №   19  Name:    Дербенев         Memory:  37 Activity:  22 RED =  -1 GREEN =  -1 BLUE =  -1 }
{Node №   20  Name:    Дивнигорцева     Memory:  37 Activity:  22 RED =  -1 GREEN =  -1 BLUE =  -1 }
{Node №   21  Name:    Егорешов         Memory:  37 Activity:  22 RED =  -1 GREEN =  -1 BLUE =  -1 }
{Node №   22  Name:    Ефремов          Memory:  37 Activity:  22 RED =  -1 GREEN =  -1 BLUE =  -1 }
{Node №   23  Name:    Заздравский      Memory:  37 Activity:  22 RED =  -1 GREEN =  -1 BLUE =  -1 }
{Node №   24  Name:    Иванов           Memory:  37 Activity:  22 RED =  -1 GREEN =  -1 BLUE =  -1 }
{Node №   25  Name:    Ивашкин          Memory:  37 Activity:  22 RED =  -1 GREEN =  -1 BLUE =  -1 }
{Node №   26  Name:    Ивашкина         Memory:  37 Activity:  22 RED =  -1 GREEN =  -1 BLUE =  -1 }
{Node №   27  Name:    Корчагина        Memory:  37 Activity:  22 RED =  -1 GREEN =  -1 BLUE =  -1 }
{Node №   28  Name:    Крылова          Memory:  37 Activity:  22 RED =  -1 GREEN =  -1 BLUE =  -1 }
{Node №   29  Name:    Кузя             Memory:  37 Activity:  22 RED =  -1 GREEN =  -1 BLUE =  -1 }
{Node №   30  Name:    Кунин            Memory:  37 Activity:  22 RED =  -1 GREEN =  1 BLUE =  -1 }
{Node №   31  Name:    Леках            Memory:  37 Activity:  22 RED =  -1 GREEN =  -1 BLUE =  -1 }
{Node №   32  Name:    Литвинова        Memory:  37 Activity:  22 RED =  -1 GREEN =  -1 BLUE =  -1 }
{Node №   33  Name:    Маковский        Memory:  37 Activity:  22 RED =  -1 GREEN =  -1 BLUE =  -1 }
{Node №   34  Name:    Мальцев          Memory:  37 Activity:  22 RED =  -1 GREEN =  -1 BLUE =  -1 }
{Node №   35  Name:    Маслякова        Memory:  37 Activity:  22 RED =  -1 GREEN =  -1 BLUE =  -1 }
{Node №   36  Name:    Мишакина         Memory:  37 Activity:  22 RED =  -1 GREEN =  -1 BLUE =  -1 }
{Node №   37  Name:    Мозговой         Memory:  37 Activity:  22 RED =  -1 GREEN =  -1 BLUE =  -1 }
{Node №   38  Name:    Мосягин          Memory:  37 Activity:  22 RED =  -1 GREEN =  -1 BLUE =  -1 }
{Node №   39  Name:    Назаров          Memory:  37 Activity:  22 RED =  -1 GREEN =  -1 BLUE =  -1 }
{Node №   40  Name:    Нам              Memory:  37 Activity:  22 RED =  -1 GREEN =  -1 BLUE =  -1 }
{Node №   41  Name:    Ничволодов       Memory:  37 Activity:  22 RED =  -1 GREEN =  -1 BLUE =  -1 }
{Node №   42  Name:    Норина           Memory:  37 Activity:  22 RED =  -1 GREEN =  -1 BLUE =  -1 }
{Node №   43  Name:    Охрименко        Memory:  37 Activity:  22 RED =  -1 GREEN =  -1 BLUE =  -1 }
{Node №   44  Name:    Палюлин          Memory:  37 Activity:  22 RED =  -1 GREEN =  -1 BLUE =  -1 }
{Node №   45  Name:    Пилов            Memory:  37 Activity:  22 RED =  -1 GREEN =  -1 BLUE =  -1 }
{Node №   46  Name:    Полякова         Memory:  37 Activity:  22 RED =  -1 GREEN =  -1 BLUE =  -1 }
{Node №   47  Name:    Приходько        Memory:  37 Activity:  22 RED =  -1 GREEN =  -1 BLUE =  -1 }
{Node №   48  Name:    Пятакова         Memory:  37 Activity:  22 RED =  -1 GREEN =  -1 BLUE =  -1 }
{Node №   49  Name:    Ракинцев         Memory:  37 Activity:  22 RED =  -1 GREEN =  -1 BLUE =  -1 }
{Node №   50  Name:    Рахманов         Memory:  37 Activity:  22 RED =  -1 GREEN =  -1 BLUE =  -1 }
{Node №   51  Name:    Резвых           Memory:  37 Activity:  22 RED =  -1 GREEN =  -1 BLUE =  -1 }
{Node №   52  Name:    Ромашка          Memory:  37 Activity:  22 RED =  -1 GREEN =  -1 BLUE =  -1 }
{Node №   53  Name:    Семак            Memory:  37 Activity:  22 RED =  -1 GREEN =  -1 BLUE =  -1 }
{Node №   54  Name:    Серкин           Memory:  37 Activity:  22 RED =  -1 GREEN =  -1 BLUE =  -1 }
{Node №   55  Name:    Серкина          Memory:  37 Activity:  22 RED =  -1 GREEN =  -1 BLUE =  -1 }
{Node №   56  Name:    Смышляева        Memory:  37 Activity:  22 RED =  -1 GREEN =  -1 BLUE =  -1 }
{Node №   57  Name:    Соколова         Memory:  37 Activity:  22 RED =  -1 GREEN =  -1 BLUE =  -1 }
{Node №   58  Name:    Софьина          Memory:  37 Activity:  22 RED =  -1 GREEN =  -1 BLUE =  -1 }
{Node №   59  Name:    Сюткина          Memory:  37 Activity:  22 RED =  -1 GREEN =  -1 BLUE =  -1 }
{Node №   60  Name:    Сякаев           Memory:  37 Activity:  22 RED =  -1 GREEN =  -1 BLUE =  -1 }
{Node №   61  Name:    Сякаева          Memory:  37 Activity:  22 RED =  -1 GREEN =  -1 BLUE =  -1 }
{Node №   62  Name:    Тарасевич        Memory:  37 Activity:  22 RED =  -1 GREEN =  -1 BLUE =  -1 }
{Node №   63  Name:    Тельпух          Memory:  37 Activity:  22 RED =  -1 GREEN =  -1 BLUE =  -1 }
{Node №   64  Name:    Тер-габриелян    Memory:  37 Activity:  22 RED =  -1 GREEN =  -1 BLUE =  -1 }
{Node №   65  Name:    Ульянов          Memory:  37 Activity:  22 RED =  -1 GREEN =  -1 BLUE =  -1 }
{Node №   66  Name:    Фарходов         Memory:  37 Activity:  22 RED =  -1 GREEN =  -1 BLUE =  -1 }
{Node №   67  Name:    Фастовец         Memory:  37 Activity:  22 RED =  -1 GREEN =  -1 BLUE =  -1 }
{Node №   68  Name:    Федотова         Memory:  37 Activity:  22 RED =  -1 GREEN =  -1 BLUE =  -1 }
{Node №   69  Name:    Фейгина          Memory:  37 Activity:  22 RED =  -1 GREEN =  -1 BLUE =  -1 }
{Node №   70  Name:    Фролова          Memory:  37 Activity:  22 RED =  -1 GREEN =  -1 BLUE =  -1 }
{Node №   71  Name:    Хармандский      Memory:  37 Activity:  22 RED =  -1 GREEN =  -1 BLUE =  -1 }
{Node №   72  Name:    Хлабощина        Memory:  37 Activity:  22 RED =  -1 GREEN =  -1 BLUE =  -1 }
{Node №   73  Name:    Цветков          Memory:  37 Activity:  22 RED =  -1 GREEN =  -1 BLUE =  -1 }
{Node №   74  Name:    Шепель           Memory:  37 Activity:  22 RED =  -1 GREEN =  -1 BLUE =  -1 }
{Node №   75  Name:    Шухман           Memory:  37 Activity:  22 RED =  -1 GREEN =  -1 BLUE =  -1 }
{Node №   76  Name:    Эльф             Memory:  37 Activity:  22 RED =  -1 GREEN =  -1 BLUE =  -1 }
{Node №   77  Name:    Залевская        Memory:  37 Activity:  22 RED =  -1 GREEN =  -1 BLUE =  -1 }
{Node №   78  Name:    Багров           Memory:  37 Activity:  22 RED =  -1 GREEN =  -1 BLUE =  -1 }
{Node №   79  Name:    Цербаев          Memory:  37 Activity:  22 RED =  -1 GREEN =  -1 BLUE =  -1 }
{Node №   80  Name:    Романов          Memory:  37 Activity:  22 RED =  -1 GREEN =  -1 BLUE =  -1 }
{Node №   81  Name:    Лакейхин         Memory:  37 Activity:  22 RED =  -1 GREEN =  -1 BLUE =  -1 }
{Node №   82  Name:    Варшавер         Memory:  37 Activity:  22 RED =  -1 GREEN =  -1 BLUE =  -1 }
{Node №   83  Name:    Шалимова         Memory:  37 Activity:  22 RED =  -1 GREEN =  -1 BLUE =  -1 }
{Node №   84  Name:    Фтулов           Memory:  37 Activity:  22 RED =  -1 GREEN =  -1 BLUE =  -1 }
{Node №   85  Name:    Атик             Memory:  37 Activity:  22 RED =  -1 GREEN =  -1 BLUE =  -1 }
{Node №   86  Name:    Садекова         Memory:  37 Activity:  22 RED =  -1 GREEN =  -1 BLUE =  -1 }
{Node №   87  Name:    Абдулина         Memory:  37 Activity:  22 RED =  -1 GREEN =  -1 BLUE =  -1 }
{Node №   88  Name:    Мокроусова       Memory:  37 Activity:  22 RED =  -1 GREEN =  -1 BLUE =  -1 }
{Node №   89  Name:    Моршина          Memory:  37 Activity:  22 RED =  -1 GREEN =  -1 BLUE =  -1 }
{Node №   90  Name:    Скворцова        Memory:  37 Activity:  22 RED =  -1 GREEN =  -1 BLUE =  -1 }
{Node №   91  Name:    Пятаков          Memory:  37 Activity:  22 RED =  -1 GREEN =  -1 BLUE =  -1 }
{Node №   92  Name:    Гафарова         Memory:  37 Activity:  22 RED =  -1 GREEN =  -1 BLUE =  -1 }
{Node №   93  Name:    Лапатина         Memory:  37 Activity:  22 RED =  -1 GREEN =  -1 BLUE =  -1 }
{Node №   94  Name:    Щуцкая           Memory:  37 Activity:  22 RED =  -1 GREEN =  -1 BLUE =  -1 }
{Node №   95  Name:    Щербаков         Memory:  37 Activity:  22 RED =  -1 GREEN =  -1 BLUE =  -1 }
{Node №   96  Name:    Гупай            Memory:  37 Activity:  22 RED =  -1 GREEN =  -1 BLUE =  -1 }
{Node №   97  Name:    Шалимова         Memory:  37 Activity:  22 RED =  -1 GREEN =  -1 BLUE =  -1 }
{Node №   98  Name:    Ошкина           Memory:  37 Activity:  22 RED =  -1 GREEN =  -1 BLUE =  -1 }
{Node №   99  Name:    Шагапова         Memory:  37 Activity:  22 RED =  -1 GREEN =  -1 BLUE =  -1 }
{Node №   100 Name:    Шилов            Memory:  37 Activity:  22 RED =  -1 GREEN =  -1 BLUE =  -1 }
{Node №   101 Name:    Копылова         Memory:  37 Activity:  22 RED =  -1 GREEN =  -1 BLUE =  -1 }