   0   0   1   2   3   4   5   6   7   8   9  10  11  12  13  14  15  16  17  18  19  20  21  22  23  24  25  26  27  28  29  30  31  32  33  34  35  36  37  38  39  40  41  42  43  44  45  46  47  48  49  50  51  52  53  54  55  56  57  58  59  60  61  62  63  64  65  66  67  68  69  70  71
   0   0   0   0   0   0   0  79   0  72   0   0   0  75   0  77   0   0   0   0   0   0   0   0   0   0   0   0   0   0   0  39   0   0   0   0   0   0   0  73   0   0   0   0   0   0   0   0   0   0   0   0   0   0   0  35   0   0   0   0   0   0   0   0   0   0   0   0   0   0   0   0   0
   1   0   0   0   0   0   0   0   0   0   0   0   0   0   0   0   0   0   0   0   0   0   0  55   0   0   0   0   0   0   0   0  56   0   0   0   0   0   0   0   0   0   0  36  73  53   0  76  76   0  64   0   0   0   0   0   0   0   0  76  54   0   0   0  74  64   0   0   0   0   0   0   0
   2   0   0   0   0  37   0   0   0   0  37   0  76   0   0   0  36  77   0   0   0   0   0   0   0   0   0   0   0   0   0   0   0   0  35   0   0   0   0  70   0   0   0   0   0   0  58   0   0   0   0   0   0   0   0   0  75   0   0   0   0   0   0   0   0   0  54   0   0   0   0   0   0
   3   0   0   0   0   0   0   0   0   0   0   0   0   0   0   0   0   0   0   0   0   0   0   0   0   0   0   0   0   0  77   0   0   0   0   0   0   0   0   0   0   0   0   0   0   0   0  39   0   0   0   0   0   0   0   0   0   0   0   0   0   0   0   0   0   0   0   0   0   0   0   0   0
   4   0   0  37   0   0   0   0   0   0  39   0  38   0   0   0   0   0   0   0  38   0   0   0   0  37   0   0  72   0   0   0   0   0  66   0   0   0   0   0   0   0   0  35   0   0   0   0   0   0   0   0   0   0   0   0   0   0   0   0   0   0  54   0   0   0  37   0  56   0   0   0   0
   5   0   0   0   0   0   0   0   0   0   0   0   0   0   0   0   0   0   0   0   0   0  72   0   0   0   0   0   0   0   0   0   0   0   0   0   0   0   0   0   0   0   0   0   0   0   0   0   0   0   0   0   0   0  63   0   0   0   0   0   0   0   0   0   0   0   0   0   0   0   0   0   0
   6  79   0   0   0   0   0   0   0  55   0   0   0  37   0  26   0   0   0   0   0   0   0   0   0   0   0   0   0   0   0  70   0   0   0   0   0   0   0  52  35   0   0   0   0   0   0   0   0   0   0   0   0   0   0  67   0   0   0   0   0   0   0   0  75   0   0   0   0   0  71   0   0
   7   0   0   0   0   0   0   0   0   0   0   0   0   0   0   0   0   0   0   0   0   0   0   0   0   0   0   0   0   0   0   0   0   0   0   0   0   0   0   0   0   0   0   0   0   0   0   0   0   0   0   0   0   0   0   0   0   0   0   0   0   0   0   0   0   0   0   0   0   0   0   0   0
   8  72   0   0   0   0   0  55   0   0   0   0   0   0   0  55   0   0   0   0   0   0   0   0   0   0   0   0   0   0   0  36   0   0   0   0   0   0   0   0   0   0   0   0   0   0   0   0   0   0   0  74   0   0  53  38   0   0   0   0   0   0   0  37  38   0   0   0   0   0   0   0   0
   9   0   0  37   0  39   0   0   0   0   0   0  72   0   0   0   0  78   0   0   0   0   0   0   0   0   0   0   0   0   0   0   0  73   0   0   0   0   0   0   0   0   0  39   0   0   0   0   0   0   0   0   0   0   0   0   0   0   0   0   0  37  36   0   0   0  79   0   0   0   0   0   0
  10   0   0   0   0   0   0   0   0   0   0   0   0   0   0   0   0   0   0   0  36   0   0   0   0   0   0   0   0  39   0   0   0  61   0   0   0   0   0  62   0   0   0  64   0   0   0   0   0   0   0   0   0   0   0   0  36   0   0   0   0  77   0   0   0   0   0  75   0   0   0   0   0
  11   0   0  76   0  38   0   0   0   0  72   0   0   0   0   0   0   0   0   0   0   0   0   0  72   0   0   0   0   0   0   0   0  56   0   0   0   0   0   0   0   0   0  36   0   0   0   0   0   0  73   0   0   0   0   0  74   0   0   0   0   0  72   0   0   0  51  57   0   0   0   0   0
  12  75   0   0   0   0   0  37   0   0   0   0   0   0   0  59   0   0   0   0   0   0   0   0   0   0  39   0   0   0   0   0   0   0   0   0   0   0   0   0   0   0   0   0   0   0   0   0   0   0   0   0   0   0   0   0   0   0   0   0   0   0   0   0   0   0   0   0   0   0   0   0   0
  13   0   0   0   0   0   0   0   0   0   0   0   0   0   0   0   0   0   0   0   0   0   0   0   0   0   0   0   0   0   0   0  51   0   0   0   0  36   0   0   0  75   0   0   0  74   0   0   0   0   0  67  74   0   0   0   0   0  66   0   0   0   0   0   0   0   0   0   0   0   0  64   0
  14  77   0   0   0   0   0  26   0  55   0   0   0  59   0   0   0   0   0   0   0   0   0   0   0   0   0   0   0   0   0   0   0  74   0   0   0   0   0  56   0   0   0   0   0   0   0   0   0   0   0  74   0   0   0   0  37   0   0   0   0  79  36   0   0   0   0   0   0   0   0   0   0
  15   0   0  36   0   0   0   0   0   0   0   0   0   0   0   0   0   0   0   0   0   0   0   0   0   0   0   0   0   0   0   0   0   0   0   0   0   0   0   0   0   0   0   0   0  72   0   0   0   0   0   0   0   0   0   0   0   0   0   0   0   0   0   0   0   0   0   0   0   0  75   0   0
  16   0   0  77   0   0   0   0   0   0  78   0   0   0   0   0   0   0   0   0   0   0   0   0   0   0   0   0  74   0   0   0   0   0   0  31   0   0   0   0   0   0   0   0   0   0   0   0   0   0   0   0   0   0   0   0  36   0   0   0   0   0  64   0   0   0   0   0  78   0   0   0   0
  17   0   0   0   0   0   0   0   0   0   0   0   0   0   0   0   0   0   0   0   0   0   0   0   0   0   0   0   0   0   0   0   0   0  76   0  35   0   0   0   0   0   0   0   0  38   0   0   0  38   0   0   0   0   0   0   0   0   0   0   0   0   0   0   0   0   0   0   0   0   0   0   0
  18   0   0   0   0   0   0   0   0   0   0   0   0   0   0   0   0   0   0   0   0   0   0   0   0   0   0   0   0   0   0  35   0   0   0   0   0   0   0   0   0   0   0   0   0   0   0   0   0   0   0   0   0   0   0  35   0   0  39   0   0   0   0  38   0   0   0   0   0   0   0  37   0
  19   0   0   0   0  38   0   0   0   0   0  36   0   0   0   0   0   0   0   0   0  64   0   0   0   0  36   0   0   0   0   0   0   0   0   0   0   0   0   0   0   0   0  37   0   0   0   0   0   0   0   0   0   0   0   0   0   0   0   0   0   0   0   0   0   0   0   0   0   0   0   0   0
  20   0   0   0   0   0   0   0   0   0   0   0   0   0   0   0   0   0   0   0  64   0   0   0   0   0   0  63   0   0  39   0   0   0   0   0   0   0   0   0   0   0  38   0   0   0   0  27   0   0   0   0   0   0   0   0   0   0   0   0   0   0   0   0   0   0   0   0   0   0   0   0   0
  21   0   0   0   0   0  72   0   0   0   0   0   0   0   0   0   0   0   0   0   0   0   0   0   0   0   0   0   0   0   0   0   0   0   0   0   0   0   0   0   0   0   0   0   0   0   0   0   0   0   0   0   0   0  75   0   0   0   0   0   0   0   0   0   0   0   0   0   0   0   0   0   0
  22   0  55   0   0   0   0   0   0   0   0   0   0   0   0   0   0   0   0   0   0   0   0   0   0   0   0   0   0   0   0   0  37   0   0   0   0   0   0   0  36   0   0   0  73  50   0   0   0   0  67   0   0   0   0   0   0   0   0  72  35   0   0   0   0   0   0   0   0   0   0   0   0
  23   0   0   0   0   0   0   0   0   0   0   0  72   0   0   0   0   0   0   0   0   0   0   0   0   0   0   0   0   0   0   0   0   0   0   0   0   0   0  36   0   0   0  37   0   0   0   0   0   0   0   0   0   0   0   0  52   0   0   0   0   0  75   0   0   0   0   0   0   0   0   0   0
  24   0   0   0   0  37   0   0   0   0   0   0   0   0   0   0   0   0   0   0   0   0   0   0   0   0   0   0   0   0   0   0   0   0   0   0   0   0   0   0  64   0   0   0   0   0   0   0   0   0   0   0   0  37   0   0   0   0   0   0   0   0   0   0   0   0   0  37  76   0   0   0   0
  25   0   0   0   0   0   0   0   0   0   0   0   0  39   0   0   0   0   0   0  36   0   0   0   0   0   0   0   0   0   0   0   0   0   0   0   0  39   0   0   0  73   0   0   0   0   0   0   0   0   0  54   0   0   0   0   0   0  39   0   0   0   0   0   0   0   0   0   0   0   0   0   0
  26   0   0   0   0   0   0   0   0   0   0   0   0   0   0   0   0   0   0   0   0  63   0   0   0   0   0   0   0   0   0   0   0   0   0   0   0   0   0   0   0   0  55   0   0   0  35  53   0   0   0   0   0   0  74   0   0   0   0   0   0   0   0   0   0   0   0   0   0   0   0   0   0
  27   0   0   0   0  72   0   0   0   0   0   0   0   0   0   0   0  74   0   0   0   0   0   0   0   0   0   0   0   0   0   0   0   0  35   0   0   0   0   0   0   0   0   0   0   0   0   0   0   0   0   0   0   0   0   0   0   0   0   0   0  39  75   0   0   0   0   0  76   0   0   0   0
  28   0   0   0   0   0   0   0   0   0   0  39   0   0   0   0   0   0   0   0   0   0   0   0   0   0   0   0   0   0   0   0   0   0   0   0   0  37   0   0   0   0   0   0   0   0   0   0   0   0   0   0   0   0   0   0   0   0   0   0   0   0   0   0   0   0   0   0   0   0   0  35   0
  29   0   0   0  77   0   0   0   0   0   0   0   0   0   0   0   0   0   0   0   0  39   0   0   0   0   0   0   0   0   0   0   0   0  64   0   0   0   0   0   0   0   0   0   0   0   0  77   0   0   0   0   0   0   0   0   0  72   0   0  37   0   0   0   0   0   0   0   0  52   0   0  73
  30  39   0   0   0   0   0  70   0  36   0   0   0   0   0   0   0   0   0  35   0   0   0   0   0   0   0   0   0   0   0   0   0   0   0   0   0   0   0   0   0   0   0   0   0   0   0   0   0   0   0   0   0   0   0  55   0   0   0   0   0   0   0   0  66   0   0   0  37   0   0   0   0
  31   0  56   0   0   0   0   0   0   0   0   0   0   0  51   0   0   0   0   0   0   0   0  37   0   0   0   0   0   0   0   0   0   0   0   0   0   0   0   0   0   0   0   0  56   0   0   0  75   0   0   0   0   0   0   0   0  67   0  71  54   0   0   0   0   0   0   0   0  70   0   0   0
  32   0   0   0   0   0   0   0   0   0  73  61  56   0   0  74   0   0   0   0   0   0   0   0   0   0   0   0   0   0   0   0   0   0  77   0   0   0   0  73  35   0   0  35   0   0   0   0   0  36   0   0   0   0   0   0  65   0   0   0   0  66   0   0   0   0   0  64   0   0   0   0   0
  33   0   0  35   0  66   0   0   0   0   0   0   0   0   0   0   0   0  76   0   0   0   0   0   0   0   0   0  35   0  64   0   0  77   0   50  0   0  71   0   0   0   0  56   0   0   0   0   0  35   0   0   0   0   0   0   0   0  36   0   0  36  65   0   0   0   0   0  75   0   0   0   0
  34   0   0   0   0   0   0   0   0   0   0   0   0   0   0   0   0  31   0   0   0   0   0   0   0   0   0   0   0   0   0   0   0   0  50   0   0   0   0   0   0   0   0   0   0   0   0   0   0   0   0   0   0   0   0   0   0   0   0   0   0   0  20   0   0   0   0   0   0   0   0   0   0
  35   0   0   0   0   0   0   0   0   0   0   0   0   0   0   0   0   0  35   0   0   0   0   0   0   0   0   0   0   0   0   0   0   0   0   0   0   0   0   0   0   0   0   0   0   0   0   0   0   0   0   0   0  75   0   0   0   0   0   0   0   0   0  37   0   0   0   0   0   0   0   0   0
  36   0   0   0   0   0   0   0   0   0   0   0   0   0  36   0   0   0   0   0   0   0   0   0   0   0  39   0   0  37   0   0   0   0   0   0   0   0   0   0   0  38   0   0   0   0   0   0   0   0   0   0  37   0   0   0   0   0  39   0   0   0   0   0   0   0   0   0   0   0   0  64   0
  37   0   0   0   0   0   0   0   0   0   0   0   0   0   0   0   0   0   0   0   0   0   0   0   0   0   0   0   0   0   0   0   0   0  71   0   0   0   0   0   0   0   0  35   0  35   0   0   0   0   0   0   0   0   0   0   0   0   0   0   0   0   0   0   0   0   0   0  39   0   0   0   0
  38  73   0  70   0   0   0  52   0   0   0  62   0   0   0  56   0   0   0   0   0   0   0   0  36   0   0   0   0   0   0   0   0  73   0   0   0   0   0   0   0   0   0  38   0   0   0   0   0   0   0   0   0   0   0   0   0   0   0   0   0  76  35   0   0   0   0   0   0   0   0   0   0
  39   0   0   0   0   0   0  35   0   0   0   0   0   0   0   0   0   0   0   0   0   0   0  36   0  64   0   0   0   0   0   0   0  35   0   0   0   0   0   0   0   0   0   0   0   0   0   0   0   0   0   0   0   0   0   0   0   0   0   0   0   0   0   0  38   0   0  77  35   0  36   0   0
  40   0   0   0   0   0   0   0   0   0   0   0   0   0  75   0   0   0   0   0   0   0   0   0   0   0  73   0   0   0   0   0   0   0   0   0   0  38   0   0   0   0   0   0   0   0   0   0   0   0   0  38   0   0   0   0   0   0  38   0   0   0   0   0   0   0   0   0   0   0   0   0   0
  41   0   0   0   0   0   0   0   0   0   0   0   0   0   0   0   0   0   0   0   0  38   0   0   0   0   0  55   0   0   0   0   0   0   0   0   0   0   0   0   0   0   0   0   0   0   0   0   0   0   0   0   0   0   0   0   0   0   0   0   0   0   0   0   0   0   0   0   0   0   0   0   0
  42   0  36   0   0  35   0   0   0   0  39  64  36   0   0   0   0   0   0   0  37   0   0   0  37   0   0   0   0   0   0   0   0  35  56   0   0   0  35  38   0   0   0   0   0   0   0   0   0  39   0   0   0   0   0   0   0   0   0  37   0  79  64   0   0   0  52  36  38   0   0   0   0
  43   0  73   0   0   0   0   0   0   0   0   0   0   0   0   0   0   0   0   0   0   0   0  73   0   0   0   0   0   0   0   0  56   0   0   0   0   0   0   0   0   0   0   0   0   0   0   0  52   0  52   0   0   0   0   0   0  76   0  75  55   0   0   0   0   0   0   0   0   0   0   0   0
  44   0  53   0   0   0   0   0   0   0   0   0   0   0  74   0  72   0  38   0   0   0   0  50   0   0   0   0   0   0   0   0   0   0   0   0   0   0  35   0   0   0   0   0   0   0   0   0   0  35  51   0   0  36   0   0   0   0  61  76   0   0   0  38  58   0   0   0   0   0  77   0   0
  45   0   0  58   0   0   0   0   0   0   0   0   0   0   0   0   0   0   0   0   0   0   0   0   0   0   0  35   0   0   0   0   0   0   0   0   0   0   0   0   0   0   0   0   0   0   0   0   0   0   0   0   0   0  39   0   0   0   0   0   0   0   0   0   0  63   0   0   0   0   0   0   0
  46   0  76   0  39   0   0   0   0   0   0   0   0   0   0   0   0   0   0   0   0  27   0   0   0   0   0  53   0   0  77   0   0   0   0   0   0   0   0   0   0   0   0   0   0   0   0   0  73   0   0   0   0   0   0   0   0  53   0   0  35   0   0   0   0   0   0   0   0  36   0   0   0
  47   0  76   0   0   0   0   0   0   0   0   0   0   0   0   0   0   0   0   0   0   0   0   0   0   0   0   0   0   0   0   0  75   0   0   0   0   0   0   0   0   0   0   0  52   0   0  73   0   0  38   0   0   0   0   0   0  66   0  77  55   0   0   0   0   0   0   0   0   0   0   0   0
  48   0   0   0   0   0   0   0   0   0   0   0   0   0   0   0   0   0  38   0   0   0   0   0   0   0   0   0   0   0   0   0   0  36  35   0   0   0   0   0   0   0   0  39   0  35   0   0   0   0   0   0   0   0   0   0   0   0   0   0  35   0   0  38   0   0   0   0   0   0   0   0   0
  49   0  64   0   0   0   0   0   0   0   0   0  73   0   0   0   0   0   0   0   0   0   0  67   0   0   0   0   0   0   0   0   0   0   0   0   0   0   0   0   0   0   0   0  52  51   0   0  38   0   0   0   0   0   0   0   0   0   0  73   0   0   0   0  75   0   0   0   0   0   0   0   0
  50   0   0   0   0   0   0   0   0  74   0   0   0   0  67  74   0   0   0   0   0   0   0   0   0   0  54   0   0   0   0   0   0   0   0   0   0   0   0   0   0  38   0   0   0   0   0   0   0   0   0   0   0   0   0   0   0   0  35   0   0   0   0   0   0  35   0   0   0   0   0   0   0
  51   0   0   0   0   0   0   0   0   0   0   0   0   0  74   0   0   0   0   0   0   0   0   0   0   0   0   0   0   0   0   0   0   0   0   0   0  37   0   0   0   0   0   0   0   0   0   0   0   0   0   0   0   0   0   0   0   0  73   0   0   0   0   0   0   0   0   0   0   0   0  39   0
  52   0   0   0   0   0   0   0   0   0   0   0   0   0   0   0   0   0   0   0   0   0   0   0   0  37   0   0   0   0   0   0   0   0   0   0  75   0   0   0   0   0   0   0   0  36   0   0   0   0   0   0   0   0   0   0   0   0   0   0   0   0   0   0   0   0   0  38   0   0   0   0   0
  53   0   0   0   0   0  63   0   0  53   0   0   0   0   0   0   0   0   0   0   0   0  75   0   0   0   0  74   0   0   0   0   0   0   0   0   0   0   0   0   0   0   0   0   0   0  39   0   0   0   0   0   0   0   0   0   0   0   0   0   0   0   0   0   0  73   0   0   0   0   0   0   0
  54  35   0   0   0   0   0  67   0  38   0   0   0   0   0   0   0   0   0  35   0   0   0   0   0   0   0   0   0   0   0  55   0   0   0   0   0   0   0   0   0   0   0   0   0   0   0   0   0   0   0   0   0   0   0   0   0   0   0   0   0   0   0   0  56   0   0   0  37   0   0   0   0
  55   0   0  75   0   0   0   0   0   0   0  36  74   0   0  37   0  36   0   0   0   0   0   0  52   0   0   0   0   0   0   0   0  65   0   0   0   0   0   0   0   0   0   0   0   0   0   0   0   0   0   0   0   0   0   0   0  54   0   0   0  73   0   0   0   0  58   0   0   0   0   0   0
  56   0   0   0   0   0   0   0   0   0   0   0   0   0   0   0   0   0   0   0   0   0   0   0   0   0   0   0   0   0  72   0  67   0   0   0   0   0   0   0   0   0   0   0  76   0   0  53  66   0   0   0   0   0   0   0  54   0   0   0  58   0   0   0   0   0   0   0   0   0   0   0   0
  57   0   0   0   0   0   0   0   0   0   0   0   0   0  66   0   0   0   0  39   0   0   0   0   0   0  39   0   0   0   0   0   0   0  36   0   0  39   0   0   0  38   0   0   0  61   0   0   0   0   0  35  73   0   0   0   0   0   0   0   0   0   0   0   0   0   0   0   0   0   0  38   0
  58   0  76   0   0   0   0   0   0   0   0   0   0   0   0   0   0   0   0   0   0   0   0  72   0   0   0   0   0   0   0   0  71   0   0   0   0   0   0   0   0   0   0  37  75  76   0   0  77   0  73   0   0   0   0   0   0   0   0   0  75   0   0   0   0   0   0   0   0   0   0   0   0
  59   0  54   0   0   0   0   0   0   0   0   0   0   0   0   0   0   0   0   0   0   0   0  35   0   0   0   0   0   0  37   0  54   0   0   0   0   0   0   0   0   0   0   0  55   0   0  35  55  35   0   0   0   0   0   0   0  58   0  75   0   0   0   0   0  76   0   0   0   0   0   0   0
  60   0   0   0   0   0   0   0   0   0  37  77   0   0   0  79   0   0   0   0   0   0   0   0   0   0   0   0  39   0   0   0   0  66  36   0   0   0   0  76   0   0   0  79   0   0   0   0   0   0   0   0   0   0   0   0  73   0   0   0   0   0   0   0   0   0   0   0   0   0   0   0   0
  61   0   0   0   0  54   0   0   0   0  36   0  72   0   0  36   0  64   0   0   0   0   0   0  75   0   0   0  75   0   0   0   0   0  65  20   0   0   0  35   0   0   0  64   0   0   0   0   0   0   0   0   0   0   0   0   0   0   0   0   0   0   0   0   0   0  71   0  58   0   0   0   0
  62   0   0   0   0   0   0   0   0  37   0   0   0   0   0   0   0   0   0  38   0   0   0   0   0   0   0   0   0   0   0   0   0   0   0   0  37   0   0   0   0   0   0   0   0  38   0   0   0  38   0   0   0   0   0   0   0   0   0   0   0   0   0   0   0   0   0   0   0   0   0   0   0
  63   0  74   0   0   0   0  75   0  38   0   0   0   0   0   0   0   0   0   0   0   0   0   0   0   0   0   0   0   0   0  66   0   0   0   0   0   0   0   0  38   0   0   0   0  58   0   0   0   0  75   0   0   0   0  56   0   0   0   0   0   0   0   0   0   0   0   0  25   0  51   0   0
  64   0  64   0   0   0   0   0   0   0   0   0   0   0   0   0   0   0   0   0   0   0   0   0   0   0   0   0   0   0   0   0   0   0   0   0   0   0   0   0   0   0   0   0   0   0  63   0   0   0   0  35   0   0  73   0   0   0   0   0  76   0   0   0   0  79   0   0   0   0   0   0   0
  65   0   0  54   0  37   0   0   0   0  79   0  51   0   0   0   0   0   0   0   0   0   0   0   0   0   0   0   0   0   0   0   0   0   0   0   0   0   0   0   0   0   0  52   0   0   0   0   0   0   0   0   0   0   0   0  58   0   0   0   0   0  71   0   0   0   0  39  74   0   0   0   0
  66   0   0   0   0   0   0   0   0   0   0  75  57   0   0   0   0   0   0   0   0   0   0   0   0  37   0   0   0   0   0   0   0  64   0   0   0   0   0   0  77   0   0  36   0   0   0   0   0   0   0   0   0  38   0   0   0   0   0   0   0   0   0   0   0   0  39   0   0   0   0   0   0
  67   0   0   0   0  56   0   0   0   0   0   0   0   0   0   0   0  78   0   0   0   0   0   0   0  76   0   0  76   0   0  37   0   0  75   0   0   0  39   0  35   0   0  38   0   0   0   0   0   0   0   0   0   0   0  37   0   0   0   0   0   0  58   0  25   0  74   0   0   0   0   0   0
  68   0   0   0   0   0   0   0   0   0   0   0   0   0   0   0   0   0   0   0   0   0   0   0   0   0   0   0   0   0  52   0  70   0   0   0   0   0   0   0   0   0   0   0   0   0   0  36   0   0   0   0   0   0   0   0   0   0   0   0   0   0   0   0   0   0   0   0   0   0   0   0   0
  69   0   0   0   0   0   0  71   0   0   0   0   0   0   0   0  75   0   0   0   0   0   0   0   0   0   0   0   0   0   0   0   0   0   0   0   0   0   0   0  36   0   0   0   0  77   0   0   0   0   0   0   0   0   0   0   0   0   0   0   0   0   0   0  51   0   0   0   0   0   0   0   0
  70   0   0   0   0   0   0   0   0   0   0   0   0   0  64   0   0   0   0  37   0   0   0   0   0   0   0   0   0  35   0   0   0   0   0   0   0  64   0   0   0   0   0   0   0   0   0   0   0   0   0   0  39   0   0   0   0   0  38   0   0   0   0   0   0   0   0   0   0   0   0   0   0
  71   0   0   0   0   0   0   0   0   0   0   0   0   0   0   0   0   0   0   0   0   0   0   0   0   0   0   0   0   0  73   0   0   0   0   0   0   0   0   0   0   0   0   0   0   0   0   0   0   0   0   0   0   0   0   0   0   0   0   0   0   0   0   0   0   0   0   0   0   0   0   0   0


{Node №   0 Name:               Аверич_Даша Memory:  37 Activity:  21 RED =  -1 GREEN =  -1 BLUE =  -1 }
{Node №   1 Name:            Акшинцев_Артем Memory:  45 Activity:  26 RED =   1 GREEN =   1 BLUE =   0 }
{Node №   2 Name:                Алоян_Егор Memory:  45 Activity:  33 RED =   0 GREEN =   0 BLUE =   0 }
{Node №   3 Name:              Аня_Лопатина Memory:  47 Activity:  13 RED =  -1 GREEN =  -1 BLUE =  -1 }
{Node №   4 Name:          Ахметшина_Марина Memory:   5 Activity:  24 RED =  -1 GREEN =  -1 BLUE =  -1 }
{Node №   5 Name:           Белогурова_Саша Memory:  62 Activity:  19 RED =  -1 GREEN =  -1 BLUE =  -1 }
{Node №   6 Name:            Беляков_Даниил Memory:  34 Activity:  33 RED =  -1 GREEN =  -1 BLUE =  -1 }
{Node №   7 Name:          Варшавер_Евгений Memory:  14 Activity:  35 RED =  -1 GREEN =  -1 BLUE =  -1 }
{Node №   8 Name:          Верещагина_Настя Memory:  43 Activity:  13 RED =  -1 GREEN =  -1 BLUE =  -1 }
{Node №   9 Name:             Вершинин_Влад Memory:  17 Activity:  10 RED =  -1 GREEN =  -1 BLUE =  -1 }
{Node №  10 Name:             Власенко_Дима Memory:  48 Activity:   6 RED =  -1 GREEN =  -1 BLUE =  -1 }
{Node №  11 Name:             Гаврев_Никита Memory:  29 Activity:  20 RED =  -1 GREEN =  -1 BLUE =  -1 }
{Node №  12 Name:            Гаврилова_Даша Memory:  57 Activity:  15 RED =  -1 GREEN =  -1 BLUE =  -1 }
{Node №  13 Name:             Головина_Даша Memory:  12 Activity:  14 RED =  -1 GREEN =  -1 BLUE =  -1 }
{Node №  14 Name:           Горбушина_Ольга Memory:  61 Activity:  21 RED =  -1 GREEN =  -1 BLUE =  -1 }
{Node №  15 Name:             Гурьянов_Илья Memory:  42 Activity:  27 RED =  -1 GREEN =  -1 BLUE =  -1 }
{Node №  16 Name:        Дербенев_Александр Memory:  13 Activity:  20 RED =   1 GREEN =   0 BLUE =   0 }
{Node №  17 Name:        Дивногорцева_Ольга Memory:  60 Activity:  24 RED =  -1 GREEN =  -1 BLUE =  -1 }
{Node №  18 Name:           Жиронкина_Ольга Memory:  20 Activity:   4 RED =  -1 GREEN =  -1 BLUE =  -1 }
{Node №  19 Name:        Клейменичева_Арина Memory:  57 Activity:   9 RED =  -1 GREEN =  -1 BLUE =  -1 }
{Node №  20 Name:          Кондратьева_Кира Memory:   4 Activity:  11 RED =  -1 GREEN =  -1 BLUE =  -1 }
{Node №  21 Name:             Копанева_Женя Memory:   6 Activity:  11 RED =  -1 GREEN =  -1 BLUE =  -1 }
{Node №  22 Name:             Копылова_Вера Memory:  18 Activity:  25 RED =  -1 GREEN =  -1 BLUE =  -1 }
{Node №  23 Name:           Кораблин_Сергей Memory:  65 Activity:  28 RED =  -1 GREEN =  -1 BLUE =  -1 }
{Node №  24 Name:              Крылова_Рита Memory:   3 Activity:  29 RED =  -1 GREEN =  -1 BLUE =  -1 }
{Node №  25 Name:           Кузьминова_Катя Memory:  38 Activity:  24 RED =  -1 GREEN =  -1 BLUE =  -1 }
{Node №  26 Name:               Кукса_Анета Memory:   1 Activity:  13 RED =  -1 GREEN =  -1 BLUE =  -1 }
{Node №  27 Name:            Кунин_Валентин Memory:  33 Activity:  21 RED =   0 GREEN =   0 BLUE =   1 }
{Node №  28 Name:           Лакейхин_Кирилл Memory:  65 Activity:  29 RED =  -1 GREEN =  -1 BLUE =  -1 }
{Node №  29 Name:    Леках_Ирина_Викторовна Memory:  22 Activity:  30 RED =  -1 GREEN =  -1 BLUE =  -1 }
{Node №  30 Name:            Литвинова_Анна Memory:  15 Activity:  32 RED =  -1 GREEN =  -1 BLUE =  -1 }
{Node №  31 Name:            Маковский_Леша Memory:  54 Activity:  18 RED =  -1 GREEN =  -1 BLUE =  -1 }
{Node №  32 Name:          Малышев_Ксаверий Memory:   7 Activity:  18 RED =  -1 GREEN =  -1 BLUE =  -1 }
{Node №  33 Name:           Маслякова_Ирина Memory:  25 Activity:  36 RED =  -1 GREEN =  -1 BLUE =  -1 }
{Node №  34 Name:            Моисеев_Сергей Memory:  28 Activity:   6 RED =  -1 GREEN =  -1 BLUE =  -1 }
{Node №  35 Name:              Моршина_Анна Memory:  36 Activity:  22 RED =  -1 GREEN =  -1 BLUE =  -1 }
{Node №  36 Name:            Москвина_Жанна Memory:   2 Activity:  21 RED =  -1 GREEN =  -1 BLUE =  -1 }
{Node №  37 Name:             Мосягин_Гарик Memory:  30 Activity:  50 RED =  -1 GREEN =  -1 BLUE =  -1 }
{Node №  38 Name:                  Нам_Люся Memory:  23 Activity:  31 RED =  -1 GREEN =  -1 BLUE =  -1 }
{Node №  39 Name:          Насибулина_Галия Memory:  38 Activity:  11 RED =  -1 GREEN =  -1 BLUE =  -1 }
{Node №  40 Name:           Никифорова_Саша Memory:  53 Activity:  16 RED =  -1 GREEN =  -1 BLUE =  -1 }
{Node №  41 Name:               Ошкина_Надя Memory:  69 Activity:  16 RED =  -1 GREEN =  -1 BLUE =  -1 }
{Node №  42 Name:              Пятаков_Саша Memory:  39 Activity:  46 RED =  -1 GREEN =  -1 BLUE =  -1 }
{Node №  43 Name:             Ракинцев_Влад Memory:  44 Activity:  47 RED =  -1 GREEN =  -1 BLUE =  -1 }
{Node №  44 Name:             Рахманов_Петр Memory:  43 Activity:  50 RED =  -1 GREEN =  -1 BLUE =  -1 }
{Node №  45 Name:               Резвых_Саша Memory:  48 Activity:  24 RED =  -1 GREEN =  -1 BLUE =  -1 }
{Node №  46 Name:               Родина_Катя Memory:  53 Activity:  27 RED =  -1 GREEN =  -1 BLUE =  -1 }
{Node №  47 Name:            Савостина_Таня Memory:  31 Activity:  22 RED =  -1 GREEN =  -1 BLUE =  -1 }
{Node №  48 Name:              Серкин_Алесь Memory:  71 Activity: 666 RED =  -1 GREEN =  -1 BLUE =  -1 }
{Node №  49 Name:               Серова_Маша Memory:  22 Activity:  40 RED =  -1 GREEN =  -1 BLUE =  -1 }
{Node №  50 Name:             Симонова_Даша Memory:  49 Activity:  20 RED =  -1 GREEN =  -1 BLUE =  -1 }
{Node №  51 Name:             Скарлош_Света Memory:  70 Activity:  19 RED =  -1 GREEN =  -1 BLUE =  -1 }
{Node №  52 Name:            Скворцова_Маша Memory:  28 Activity:  22 RED =  -1 GREEN =  -1 BLUE =  -1 }
{Node №  53 Name:            Соколова_Настя Memory:  50 Activity:  25 RED =  -1 GREEN =  -1 BLUE =  -1 }
{Node №  54 Name:               Сюткина_Тая Memory:  47 Activity:  13 RED =  -1 GREEN =  -1 BLUE =  -1 }
{Node №  55 Name:            Сякаев_Виталий Memory:   0 Activity:  14 RED =  -1 GREEN =  -1 BLUE =  -1 }
{Node №  56 Name:              Сякаева_Лена Memory:  19 Activity:  12 RED =  -1 GREEN =  -1 BLUE =  -1 }
{Node №  57 Name:           Тарасевич_Гриша Memory:  47 Activity:  54 RED =  -1 GREEN =  -1 BLUE =  -1 }
{Node №  58 Name:           Татаринов_Павел Memory:  70 Activity:  45 RED =  -1 GREEN =  -1 BLUE =  -1 }
{Node №  59 Name:              Телегин_Сеня Memory:  31 Activity:  20 RED =  -1 GREEN =  -1 BLUE =  -1 }
{Node №  60 Name:        Тельпуховский_Иван Memory:   0 Activity:   1 RED =  -1 GREEN =  -1 BLUE =  -1 }
{Node №  61 Name:     Тер-Габриелян_Аршавир Memory:  29 Activity:  42 RED =  -1 GREEN =  -1 BLUE =  -1 }
{Node №  62 Name:           Тимошенко_Настя Memory:  59 Activity:  13 RED =  -1 GREEN =  -1 BLUE =  -1 }
{Node №  63 Name:                Титов_Саша Memory:  68 Activity:  53 RED =   1 GREEN =   1 BLUE =   0 }
{Node №  64 Name:           Турчинский_Коля Memory:  14 Activity:  12 RED =  -1 GREEN =  -1 BLUE =  -1 }
{Node №  65 Name:            Ульянов_Сергей Memory:  39 Activity:  29 RED =  -1 GREEN =  -1 BLUE =  -1 }
{Node №  66 Name:           Фастовец_Андрей Memory:  53 Activity:  33 RED =  -1 GREEN =  -1 BLUE =  -1 }
{Node №  67 Name:             Фейгина_Верка Memory:   2 Activity:  36 RED =  -1 GREEN =  -1 BLUE =  -1 }
{Node №  68 Name:            Хлабощина_Вика Memory:  52 Activity:  27 RED =  -1 GREEN =  -1 BLUE =  -1 }
{Node №  69 Name:                Шухман_Лев Memory:  70 Activity:  51 RED =  -1 GREEN =  -1 BLUE =  -1 }
{Node №  70 Name:               Ярцева_Женя Memory:   1 Activity:  22 RED =  -1 GREEN =  -1 BLUE =  -1 }
{Node №  71 Name:  Иванова_Галина_Анатольев Memory:  30 Activity:  99 RED =  -1 GREEN =  -1 BLUE =  -1 }
