13 6 2 0 2 2 1 2 2 0 0 0 2 0 0 0 0 1 0 2 0 0 0 1 2 2 4 4 1 3 1 3 5 2 2 1 0 2 1 1 0 0 3 1 3 2 0 1 1 1 1 3 0 1 13 13 13 13 13 13 13 13 13 13 13 13 13 13 13 13 13 13 13 13 13 13 13 13 13 13 13 13 13 13 13 13 13 13 13 13 13 13 13 13 13 13 13 13 13 13 13 13 13 13 13 13 13 13 13 13 13 13 13 13 13 13 13 13 13 13 
6 41 4 1 3 6 2 9 0 1 2 4 1 3 1 4 2 2 4 6 0 2 3 2 9 4 8 2 2 2 5 4 8 5 5 3 2 8 1 0 2 5 7 11 9 3 2 2 1 3 3 6 4 1 41 41 41 41 41 41 41 41 41 41 41 41 41 41 41 41 41 41 41 41 41 41 41 41 41 41 41 41 41 41 41 41 41 41 41 41 41 41 41 41 41 41 41 41 41 41 41 41 41 41 41 41 41 41 41 41 41 41 41 41 41 41 41 41 41 41 
2 4 10 0 0 1 1 4 2 1 2 1 0 2 0 0 1 0 0 0 1 0 0 2 3 2 0 4 0 4 1 2 2 1 1 1 0 2 0 2 2 1 2 1 2 4 1 0 3 0 0 1 1 1 10 10 10 10 10 10 10 10 10 10 10 10 10 10 10 10 10 10 10 10 10 10 10 10 10 10 10 10 10 10 10 10 10 10 10 10 10 10 10 10 10 10 10 10 10 10 10 10 10 10 10 10 10 10 10 10 10 10 10 10 10 10 10 10 10 10 
0 1 0 7 0 2 0 1 2 1 0 1 0 1 1 1 0 0 2 2 1 0 0 0 1 0 1 0 0 1 1 1 2 1 0 0 1 0 0 0 2 0 0 1 1 2 1 2 1 0 0 2 0 0 7 7 7 7 7 7 7 7 7 7 7 7 7 7 7 7 7 7 7 7 7 7 7 7 7 7 7 7 7 7 7 7 7 7 7 7 7 7 7 7 7 7 7 7 7 7 7 7 7 7 7 7 7 7 7 7 7 7 7 7 7 7 7 7 7 7 
2 3 0 0 5 1 0 2 0 1 0 1 0 0 0 0 0 0 0 1 0 0 0 1 0 0 2 0 0 1 0 2 1 1 1 0 0 1 0 1 0 1 0 1 2 1 0 0 2 0 0 0 1 0 5 5 5 5 5 5 5 5 5 5 5 5 5 5 5 5 5 5 5 5 5 5 5 5 5 5 5 5 5 5 5 5 5 5 5 5 5 5 5 5 5 5 5 5 5 5 5 5 5 5 5 5 5 5 5 5 5 5 5 5 5 5 5 5 5 5 
2 6 1 2 1 15 0 3 1 0 0 3 1 1 0 2 1 1 1 1 1 0 2 1 5 1 0 2 0 1 0 1 9 2 1 0 1 3 0 0 1 1 2 2 0 1 0 1 1 2 1 2 0 1 15 15 15 15 15 15 15 15 15 15 15 15 15 15 15 15 15 15 15 15 15 15 15 15 15 15 15 15 15 15 15 15 15 15 15 15 15 15 15 15 15 15 15 15 15 15 15 15 15 15 15 15 15 15 15 15 15 15 15 15 15 15 15 15 15 15 
1 2 1 0 0 0 12 3 3 1 2 0 2 0 0 2 0 3 0 2 1 2 0 2 2 0 3 2 0 2 0 0 7 7 0 1 1 4 0 1 0 0 2 2 2 2 0 0 1 0 3 2 0 2 12 12 12 12 12 12 12 12 12 12 12 12 12 12 12 12 12 12 12 12 12 12 12 12 12 12 12 12 12 12 12 12 12 12 12 12 12 12 12 12 12 12 12 12 12 12 12 12 12 12 12 12 12 12 12 12 12 12 12 12 12 12 12 12 12 12 
2 9 4 1 2 3 3 24 2 4 2 1 2 1 0 4 1 5 2 5 1 1 3 2 6 5 2 5 2 4 3 4 2 4 4 4 3 6 1 3 0 2 4 5 7 1 0 3 5 4 2 6 1 2 24 24 24 24 24 24 24 24 24 24 24 24 24 24 24 24 24 24 24 24 24 24 24 24 24 24 24 24 24 24 24 24 24 24 24 24 24 24 24 24 24 24 24 24 24 24 24 24 24 24 24 24 24 24 24 24 24 24 24 24 24 24 24 24 24 24 
2 0 2 2 0 1 3 2 17 1 0 1 0 1 2 1 0 2 2 3 3 1 0 2 4 4 3 2 1 2 1 0 6 2 0 3 2 1 1 0 1 1 0 3 4 5 1 2 2 1 0 0 0 0 17 17 17 17 17 17 17 17 17 17 17 17 17 17 17 17 17 17 17 17 17 17 17 17 17 17 17 17 17 17 17 17 17 17 17 17 17 17 17 17 17 17 17 17 17 17 17 17 17 17 17 17 17 17 17 17 17 17 17 17 17 17 17 17 17 17 
0 1 1 1 1 0 1 4 1 8 2 0 1 1 1 0 0 0 1 0 3 1 0 1 0 3 0 0 1 2 2 1 1 0 1 0 2 4 0 1 2 0 0 2 3 1 0 2 1 0 0 1 1 1 8 8 8 8 8 8 8 8 8 8 8 8 8 8 8 8 8 8 8 8 8 8 8 8 8 8 8 8 8 8 8 8 8 8 8 8 8 8 8 8 8 8 8 8 8 8 8 8 8 8 8 8 8 8 8 8 8 8 8 8 8 8 8 8 8 8 
0 2 2 0 0 0 2 2 0 2 7 1 0 2 1 0 1 0 0 0 2 0 0 0 1 1 0 1 1 0 0 1 3 1 0 0 0 4 0 0 2 0 1 2 2 1 0 0 0 0 1 2 0 0 7 7 7 7 7 7 7 7 7 7 7 7 7 7 7 7 7 7 7 7 7 7 7 7 7 7 7 7 7 7 7 7 7 7 7 7 7 7 7 7 7 7 7 7 7 7 7 7 7 7 7 7 7 7 7 7 7 7 7 7 7 7 7 7 7 7 
0 4 1 1 1 3 0 1 1 0 1 10 1 2 0 1 1 0 0 1 1 0 2 1 1 1 0 0 0 0 1 0 5 1 0 1 1 2 2 1 2 0 0 2 1 1 0 2 1 1 0 1 0 0 10 10 10 10 10 10 10 10 10 10 10 10 10 10 10 10 10 10 10 10 10 10 10 10 10 10 10 10 10 10 10 10 10 10 10 10 10 10 10 10 10 10 10 10 10 10 10 10 10 10 10 10 10 10 10 10 10 10 10 10 10 10 10 10 10 10 
2 1 0 0 0 1 2 2 0 1 0 1 10 1 1 1 1 1 1 1 0 1 2 0 1 3 2 1 1 0 2 1 3 2 0 0 2 1 1 3 0 1 3 1 1 2 0 0 0 1 0 3 0 0 10 10 10 10 10 10 10 10 10 10 10 10 10 10 10 10 10 10 10 10 10 10 10 10 10 10 10 10 10 10 10 10 10 10 10 10 10 10 10 10 10 10 10 10 10 10 10 10 10 10 10 10 10 10 10 10 10 10 10 10 10 10 10 10 10 10 
0 3 2 1 0 1 0 1 1 1 2 2 1 9 0 2 2 0 0 0 0 0 0 0 1 3 0 1 0 0 1 0 3 0 0 0 0 1 0 0 3 0 2 4 1 2 0 1 1 0 0 0 0 0 9 9 9 9 9 9 9 9 9 9 9 9 9 9 9 9 9 9 9 9 9 9 9 9 9 9 9 9 9 9 9 9 9 9 9 9 9 9 9 9 9 9 9 9 9 9 9 9 9 9 9 9 9 9 9 9 9 9 9 9 9 9 9 9 9 9 
0 1 0 1 0 0 0 0 2 1 1 0 1 0 5 1 0 0 1 1 3 0 0 0 1 0 1 0 0 1 0 1 2 0 0 0 0 1 0 0 0 2 1 2 3 0 0 1 0 0 0 0 0 0 5 5 5 5 5 5 5 5 5 5 5 5 5 5 5 5 5 5 5 5 5 5 5 5 5 5 5 5 5 5 5 5 5 5 5 5 5 5 5 5 5 5 5 5 5 5 5 5 5 5 5 5 5 5 5 5 5 5 5 5 5 5 5 5 5 5 
0 4 0 1 0 2 2 4 1 0 0 1 1 2 1 9 0 2 0 1 0 1 0 1 2 3 1 0 0 1 1 0 4 1 1 1 0 0 0 0 0 0 2 3 2 1 0 1 1 1 1 1 1 0 9 9 9 9 9 9 9 9 9 9 9 9 9 9 9 9 9 9 9 9 9 9 9 9 9 9 9 9 9 9 9 9 9 9 9 9 9 9 9 9 9 9 9 9 9 9 9 9 9 9 9 9 9 9 9 9 9 9 9 9 9 9 9 9 9 9 
0 2 1 0 0 1 0 1 0 0 1 1 1 2 0 0 7 0 0 1 0 0 1 1 1 1 2 1 0 0 1 0 0 0 0 0 1 0 0 1 0 1 1 2 1 1 0 1 1 0 0 0 0 0 7 7 7 7 7 7 7 7 7 7 7 7 7 7 7 7 7 7 7 7 7 7 7 7 7 7 7 7 7 7 7 7 7 7 7 7 7 7 7 7 7 7 7 7 7 7 7 7 7 7 7 7 7 7 7 7 7 7 7 7 7 7 7 7 7 7 
1 2 0 0 0 1 3 5 2 0 0 0 1 0 0 2 0 7 0 2 0 1 2 0 0 1 2 2 0 0 1 0 2 2 1 1 0 1 0 1 0 1 0 2 3 0 0 0 0 0 2 1 0 0 7 7 7 7 7 7 7 7 7 7 7 7 7 7 7 7 7 7 7 7 7 7 7 7 7 7 7 7 7 7 7 7 7 7 7 7 7 7 7 7 7 7 7 7 7 7 7 7 7 7 7 7 7 7 7 7 7 7 7 7 7 7 7 7 7 7 
0 4 0 2 0 1 0 2 2 1 0 0 1 0 1 0 0 0 11 2 2 1 0 0 4 1 2 2 0 1 3 1 2 0 0 0 4 2 0 0 0 0 1 4 1 4 0 2 0 1 2 0 1 0 11 11 11 11 11 11 11 11 11 11 11 11 11 11 11 11 11 11 11 11 11 11 11 11 11 11 11 11 11 11 11 11 11 11 11 11 11 11 11 11 11 11 11 11 11 11 11 11 11 11 11 11 11 11 11 11 11 11 11 11 11 11 11 11 11 11 
2 6 0 2 1 1 2 5 3 0 0 1 1 0 1 1 1 2 2 20 0 1 1 1 5 2 3 2 1 2 0 2 4 4 1 1 2 4 2 2 0 0 4 3 7 4 3 0 3 2 1 5 0 2 20 20 20 20 20 20 20 20 20 20 20 20 20 20 20 20 20 20 20 20 20 20 20 20 20 20 20 20 20 20 20 20 20 20 20 20 20 20 20 20 20 20 20 20 20 20 20 20 20 20 20 20 20 20 20 20 20 20 20 20 20 20 20 20 20 20 
0 0 1 1 0 1 1 1 3 3 2 1 0 0 3 0 0 0 2 0 8 0 2 0 1 2 1 0 1 2 1 1 4 0 0 0 0 4 0 0 1 1 0 4 3 1 0 2 1 2 1 1 0 0 8 8 8 8 8 8 8 8 8 8 8 8 8 8 8 8 8 8 8 8 8 8 8 8 8 8 8 8 8 8 8 8 8 8 8 8 8 8 8 8 8 8 8 8 8 8 8 8 8 8 8 8 8 8 8 8 8 8 8 8 8 8 8 8 8 8 
0 2 0 0 0 0 2 1 1 1 0 0 1 0 0 1 0 1 1 1 0 4 0 0 1 0 1 0 0 0 0 0 1 0 0 0 1 1 0 1 0 0 1 0 0 0 1 0 1 0 0 0 0 0 4 4 4 4 4 4 4 4 4 4 4 4 4 4 4 4 4 4 4 4 4 4 4 4 4 4 4 4 4 4 4 4 4 4 4 4 4 4 4 4 4 4 4 4 4 4 4 4 4 4 4 4 4 4 4 4 4 4 4 4 4 4 4 4 4 4 
0 3 0 0 0 2 0 3 0 0 0 2 2 0 0 0 1 2 0 1 2 0 10 0 3 1 1 0 1 0 2 0 4 0 0 2 1 2 0 2 1 1 0 2 3 0 0 0 1 4 0 3 0 0 10 10 10 10 10 10 10 10 10 10 10 10 10 10 10 10 10 10 10 10 10 10 10 10 10 10 10 10 10 10 10 10 10 10 10 10 10 10 10 10 10 10 10 10 10 10 10 10 10 10 10 10 10 10 10 10 10 10 10 10 10 10 10 10 10 10 
1 2 2 0 1 1 2 2 2 1 0 1 0 0 0 1 1 0 0 1 0 0 0 10 2 2 2 0 0 4 1 0 3 2 0 2 0 1 0 0 0 1 3 2 2 1 1 0 3 0 2 0 2 1 10 10 10 10 10 10 10 10 10 10 10 10 10 10 10 10 10 10 10 10 10 10 10 10 10 10 10 10 10 10 10 10 10 10 10 10 10 10 10 10 10 10 10 10 10 10 10 10 10 10 10 10 10 10 10 10 10 10 10 10 10 10 10 10 10 10 
2 9 3 1 0 5 2 6 4 0 1 1 1 1 1 2 1 0 4 5 1 1 3 2 25 3 3 5 0 1 1 0 6 2 3 6 2 5 1 1 1 2 3 4 5 4 2 1 3 4 1 4 2 0 25 25 25 25 25 25 25 25 25 25 25 25 25 25 25 25 25 25 25 25 25 25 25 25 25 25 25 25 25 25 25 25 25 25 25 25 25 25 25 25 25 25 25 25 25 25 25 25 25 25 25 25 25 25 25 25 25 25 25 25 25 25 25 25 25 25 
2 4 2 0 0 1 0 5 4 3 1 1 3 3 0 3 1 1 1 2 2 0 1 2 3 14 2 1 2 2 2 1 2 1 0 2 1 3 0 0 1 1 4 1 2 2 2 2 1 1 0 3 1 0 14 14 14 14 14 14 14 14 14 14 14 14 14 14 14 14 14 14 14 14 14 14 14 14 14 14 14 14 14 14 14 14 14 14 14 14 14 14 14 14 14 14 14 14 14 14 14 14 14 14 14 14 14 14 14 14 14 14 14 14 14 14 14 14 14 14 
4 8 0 1 2 0 3 2 3 0 0 0 2 0 1 1 2 2 2 3 1 1 1 2 3 2 17 1 1 2 0 1 6 1 3 1 0 1 1 0 0 3 1 5 3 2 1 1 1 1 0 2 0 3 17 17 17 17 17 17 17 17 17 17 17 17 17 17 17 17 17 17 17 17 17 17 17 17 17 17 17 17 17 17 17 17 17 17 17 17 17 17 17 17 17 17 17 17 17 17 17 17 17 17 17 17 17 17 17 17 17 17 17 17 17 17 17 17 17 17 
4 2 4 0 0 2 2 5 2 0 1 0 1 1 0 0 1 2 2 2 0 0 0 0 5 1 1 11 0 2 1 1 2 2 0 1 1 2 0 2 0 0 4 1 3 2 0 1 3 1 0 2 0 2 11 11 11 11 11 11 11 11 11 11 11 11 11 11 11 11 11 11 11 11 11 11 11 11 11 11 11 11 11 11 11 11 11 11 11 11 11 11 11 11 11 11 11 11 11 11 11 11 11 11 11 11 11 11 11 11 11 11 11 11 11 11 11 11 11 11 
1 2 0 0 0 0 0 2 1 1 1 0 1 0 0 0 0 0 0 1 1 0 1 0 0 2 1 0 6 0 0 1 1 1 0 0 0 1 0 0 0 1 1 1 1 0 0 0 2 2 0 3 0 0 6 6 6 6 6 6 6 6 6 6 6 6 6 6 6 6 6 6 6 6 6 6 6 6 6 6 6 6 6 6 6 6 6 6 6 6 6 6 6 6 6 6 6 6 6 6 6 6 6 6 6 6 6 6 6 6 6 6 6 6 6 6 6 6 6 6 
3 2 4 1 1 1 2 4 2 2 0 0 0 0 1 1 0 0 1 2 2 0 0 4 1 2 2 2 0 12 2 3 4 1 0 0 1 2 0 2 1 0 1 0 1 4 0 1 2 0 1 1 0 2 12 12 12 12 12 12 12 12 12 12 12 12 12 12 12 12 12 12 12 12 12 12 12 12 12 12 12 12 12 12 12 12 12 12 12 12 12 12 12 12 12 12 12 12 12 12 12 12 12 12 12 12 12 12 12 12 12 12 12 12 12 12 12 12 12 12 
1 5 1 1 0 0 0 3 1 2 0 1 2 1 0 1 1 1 3 0 1 0 2 1 1 2 0 1 0 2 13 2 0 0 0 0 3 2 1 1 2 0 2 2 4 2 0 0 1 0 1 0 2 0 13 13 13 13 13 13 13 13 13 13 13 13 13 13 13 13 13 13 13 13 13 13 13 13 13 13 13 13 13 13 13 13 13 13 13 13 13 13 13 13 13 13 13 13 13 13 13 13 13 13 13 13 13 13 13 13 13 13 13 13 13 13 13 13 13 13 
3 4 2 1 2 1 0 4 0 1 1 0 1 0 1 0 0 0 1 2 1 0 0 0 0 1 1 1 1 3 2 10 1 2 1 0 1 2 0 1 0 1 2 1 3 2 1 0 1 1 1 2 1 1 10 10 10 10 10 10 10 10 10 10 10 10 10 10 10 10 10 10 10 10 10 10 10 10 10 10 10 10 10 10 10 10 10 10 10 10 10 10 10 10 10 10 10 10 10 10 10 10 10 10 10 10 10 10 10 10 10 10 10 10 10 10 10 10 10 10 
5 8 2 2 1 9 7 2 6 1 3 5 3 3 2 4 0 2 2 4 4 1 4 3 6 2 6 2 1 4 0 1 32 3 2 2 3 7 4 1 3 1 2 6 3 5 1 3 3 3 5 3 0 4 32 32 32 32 32 32 32 32 32 32 32 32 32 32 32 32 32 32 32 32 32 32 32 32 32 32 32 32 32 32 32 32 32 32 32 32 32 32 32 32 32 32 32 32 32 32 32 32 32 32 32 32 32 32 32 32 32 32 32 32 32 32 32 32 32 32 
2 5 1 1 1 2 7 4 2 0 1 1 2 0 0 1 0 2 0 4 0 0 0 2 2 1 1 2 1 1 0 2 3 14 0 1 0 1 0 0 0 1 3 2 3 1 0 0 2 1 2 5 0 2 14 14 14 14 14 14 14 14 14 14 14 14 14 14 14 14 14 14 14 14 14 14 14 14 14 14 14 14 14 14 14 14 14 14 14 14 14 14 14 14 14 14 14 14 14 14 14 14 14 14 14 14 14 14 14 14 14 14 14 14 14 14 14 14 14 14 
2 5 1 0 1 1 0 4 0 1 0 0 0 0 0 1 0 1 0 1 0 0 0 0 3 0 3 0 0 0 0 1 2 0 8 1 1 2 0 0 0 0 0 3 1 0 0 1 2 1 1 1 0 1 8 8 8 8 8 8 8 8 8 8 8 8 8 8 8 8 8 8 8 8 8 8 8 8 8 8 8 8 8 8 8 8 8 8 8 8 8 8 8 8 8 8 8 8 8 8 8 8 8 8 8 8 8 8 8 8 8 8 8 8 8 8 8 8 8 8 
1 3 1 0 0 0 1 4 3 0 0 1 0 0 0 1 0 1 0 1 0 0 2 2 6 2 1 1 0 0 0 0 2 1 1 8 0 3 0 0 0 1 0 1 3 1 1 1 1 2 0 2 1 0 8 8 8 8 8 8 8 8 8 8 8 8 8 8 8 8 8 8 8 8 8 8 8 8 8 8 8 8 8 8 8 8 8 8 8 8 8 8 8 8 8 8 8 8 8 8 8 8 8 8 8 8 8 8 8 8 8 8 8 8 8 8 8 8 8 8 
0 2 0 1 0 1 1 3 2 2 0 1 2 0 0 0 1 0 4 2 0 1 1 0 2 1 0 1 0 1 3 1 3 0 1 0 11 2 1 3 0 0 1 0 2 3 0 1 0 1 2 0 0 1 11 11 11 11 11 11 11 11 11 11 11 11 11 11 11 11 11 11 11 11 11 11 11 11 11 11 11 11 11 11 11 11 11 11 11 11 11 11 11 11 11 11 11 11 11 11 11 11 11 11 11 11 11 11 11 11 11 11 11 11 11 11 11 11 11 11 
2 8 2 0 1 3 4 6 1 4 4 2 1 1 1 0 0 1 2 4 4 1 2 1 5 3 1 2 1 2 2 2 7 1 2 3 2 20 1 1 1 1 2 3 4 2 1 1 0 3 2 4 2 1 20 20 20 20 20 20 20 20 20 20 20 20 20 20 20 20 20 20 20 20 20 20 20 20 20 20 20 20 20 20 20 20 20 20 20 20 20 20 20 20 20 20 20 20 20 20 20 20 20 20 20 20 20 20 20 20 20 20 20 20 20 20 20 20 20 20 
1 1 0 0 0 0 0 1 1 0 0 2 1 0 0 0 0 0 0 2 0 0 0 0 1 0 1 0 0 0 1 0 4 0 0 0 1 1 6 0 0 0 0 1 0 0 0 0 1 1 0 1 0 1 6 6 6 6 6 6 6 6 6 6 6 6 6 6 6 6 6 6 6 6 6 6 6 6 6 6 6 6 6 6 6 6 6 6 6 6 6 6 6 6 6 6 6 6 6 6 6 6 6 6 6 6 6 6 6 6 6 6 6 6 6 6 6 6 6 6 
1 0 2 0 1 0 1 3 0 1 0 1 3 0 0 0 1 1 0 2 0 1 2 0 1 0 0 2 0 2 1 1 1 0 0 0 3 1 0 7 0 0 0 0 3 1 0 0 2 0 0 1 0 1 7 7 7 7 7 7 7 7 7 7 7 7 7 7 7 7 7 7 7 7 7 7 7 7 7 7 7 7 7 7 7 7 7 7 7 7 7 7 7 7 7 7 7 7 7 7 7 7 7 7 7 7 7 7 7 7 7 7 7 7 7 7 7 7 7 7 
0 2 2 2 0 1 0 0 1 2 2 2 0 3 0 0 0 0 0 0 1 0 1 0 1 1 0 0 0 1 2 0 3 0 0 0 0 1 0 0 6 0 0 1 1 2 1 0 0 0 0 0 0 0 6 6 6 6 6 6 6 6 6 6 6 6 6 6 6 6 6 6 6 6 6 6 6 6 6 6 6 6 6 6 6 6 6 6 6 6 6 6 6 6 6 6 6 6 6 6 6 6 6 6 6 6 6 6 6 6 6 6 6 6 6 6 6 6 6 6 
0 5 1 0 1 1 0 2 1 0 0 0 1 0 2 0 1 1 0 0 1 0 1 1 2 1 3 0 1 0 0 1 1 1 0 1 0 1 0 0 0 8 2 1 3 0 0 0 0 0 1 0 0 0 8 8 8 8 8 8 8 8 8 8 8 8 8 8 8 8 8 8 8 8 8 8 8 8 8 8 8 8 8 8 8 8 8 8 8 8 8 8 8 8 8 8 8 8 8 8 8 8 8 8 8 8 8 8 8 8 8 8 8 8 8 8 8 8 8 8 
3 7 2 0 0 2 2 4 0 0 1 0 3 2 1 2 1 0 1 4 0 1 0 3 3 4 1 4 1 1 2 2 2 3 0 0 1 2 0 0 0 2 15 1 3 1 1 0 3 2 1 5 1 0 15 15 15 15 15 15 15 15 15 15 15 15 15 15 15 15 15 15 15 15 15 15 15 15 15 15 15 15 15 15 15 15 15 15 15 15 15 15 15 15 15 15 15 15 15 15 15 15 15 15 15 15 15 15 15 15 15 15 15 15 15 15 15 15 15 15 
1 11 1 1 1 2 2 5 3 2 2 2 1 4 2 3 2 2 4 3 4 0 2 2 4 1 5 1 1 0 2 1 6 2 3 1 0 3 1 0 1 1 1 23 5 3 0 1 3 4 1 2 2 0 23 23 23 23 23 23 23 23 23 23 23 23 23 23 23 23 23 23 23 23 23 23 23 23 23 23 23 23 23 23 23 23 23 23 23 23 23 23 23 23 23 23 23 23 23 23 23 23 23 23 23 23 23 23 23 23 23 23 23 23 23 23 23 23 23 23 
3 9 2 1 2 0 2 7 4 3 2 1 1 1 3 2 1 3 1 7 3 0 3 2 5 2 3 3 1 1 4 3 3 3 1 3 2 4 0 3 1 3 3 5 25 2 0 1 5 2 1 5 4 1 25 25 25 25 25 25 25 25 25 25 25 25 25 25 25 25 25 25 25 25 25 25 25 25 25 25 25 25 25 25 25 25 25 25 25 25 25 25 25 25 25 25 25 25 25 25 25 25 25 25 25 25 25 25 25 25 25 25 25 25 25 25 25 25 25 25 
2 3 4 2 1 1 2 1 5 1 1 1 2 2 0 1 1 0 4 4 1 0 0 1 4 2 2 2 0 4 2 2 5 1 0 1 3 2 0 1 2 0 1 3 2 16 0 0 1 0 0 1 1 0 16 16 16 16 16 16 16 16 16 16 16 16 16 16 16 16 16 16 16 16 16 16 16 16 16 16 16 16 16 16 16 16 16 16 16 16 16 16 16 16 16 16 16 16 16 16 16 16 16 16 16 16 16 16 16 16 16 16 16 16 16 16 16 16 16 16 
0 2 1 1 0 0 0 0 1 0 0 0 0 0 0 0 0 0 0 3 0 1 0 1 2 2 1 0 0 0 0 1 1 0 0 1 0 1 0 0 1 0 1 0 0 0 6 0 1 0 0 0 1 0 6 6 6 6 6 6 6 6 6 6 6 6 6 6 6 6 6 6 6 6 6 6 6 6 6 6 6 6 6 6 6 6 6 6 6 6 6 6 6 6 6 6 6 6 6 6 6 6 6 6 6 6 6 6 6 6 6 6 6 6 6 6 6 6 6 6 
1 2 0 2 0 1 0 3 2 2 0 2 0 1 1 1 1 0 2 0 2 0 0 0 1 2 1 1 0 1 0 0 3 0 1 1 1 1 0 0 0 0 0 1 1 0 0 6 1 0 0 0 0 1 6 6 6 6 6 6 6 6 6 6 6 6 6 6 6 6 6 6 6 6 6 6 6 6 6 6 6 6 6 6 6 6 6 6 6 6 6 6 6 6 6 6 6 6 6 6 6 6 6 6 6 6 6 6 6 6 6 6 6 6 6 6 6 6 6 6 
1 1 3 1 2 1 1 5 2 1 0 1 0 1 0 1 1 0 0 3 1 1 1 3 3 1 1 3 2 2 1 1 3 2 2 1 0 0 1 2 0 0 3 3 5 1 1 1 14 1 1 3 1 1 14 14 14 14 14 14 14 14 14 14 14 14 14 14 14 14 14 14 14 14 14 14 14 14 14 14 14 14 14 14 14 14 14 14 14 14 14 14 14 14 14 14 14 14 14 14 14 14 14 14 14 14 14 14 14 14 14 14 14 14 14 14 14 14 14 14 
1 3 0 0 0 2 0 4 1 0 0 1 1 0 0 1 0 0 1 2 2 0 4 0 4 1 1 1 2 0 0 1 3 1 1 2 1 3 1 0 0 0 2 4 2 0 0 0 1 9 0 4 0 0 9 9 9 9 9 9 9 9 9 9 9 9 9 9 9 9 9 9 9 9 9 9 9 9 9 9 9 9 9 9 9 9 9 9 9 9 9 9 9 9 9 9 9 9 9 9 9 9 9 9 9 9 9 9 9 9 9 9 9 9 9 9 9 9 9 9 
1 3 0 0 0 1 3 2 0 0 1 0 0 0 0 1 0 2 2 1 1 0 0 2 1 0 0 0 0 1 1 1 5 2 1 0 2 2 0 0 0 1 1 1 1 0 0 0 1 0 8 0 0 0 8 8 8 8 8 8 8 8 8 8 8 8 8 8 8 8 8 8 8 8 8 8 8 8 8 8 8 8 8 8 8 8 8 8 8 8 8 8 8 8 8 8 8 8 8 8 8 8 8 8 8 8 8 8 8 8 8 8 8 8 8 8 8 8 8 8 
3 6 1 2 0 2 2 6 0 1 2 1 3 0 0 1 0 1 0 5 1 0 3 0 4 3 2 2 3 1 0 2 3 5 1 2 0 4 1 1 0 0 5 2 5 1 0 0 3 4 0 16 0 2 16 16 16 16 16 16 16 16 16 16 16 16 16 16 16 16 16 16 16 16 16 16 16 16 16 16 16 16 16 16 16 16 16 16 16 16 16 16 16 16 16 16 16 16 16 16 16 16 16 16 16 16 16 16 16 16 16 16 16 16 16 16 16 16 16 16 
0 4 1 0 1 0 0 1 0 1 0 0 0 0 0 1 0 0 1 0 0 0 0 2 2 1 0 0 0 0 2 1 0 0 0 1 0 2 0 0 0 0 1 2 4 1 1 0 1 0 0 0 6 0 6 6 6 6 6 6 6 6 6 6 6 6 6 6 6 6 6 6 6 6 6 6 6 6 6 6 6 6 6 6 6 6 6 6 6 6 6 6 6 6 6 6 6 6 6 6 6 6 6 6 6 6 6 6 6 6 6 6 6 6 6 6 6 6 6 6 
1 1 1 0 0 1 2 2 0 1 0 0 0 0 0 0 0 0 0 2 0 0 0 1 0 0 3 2 0 2 0 1 4 2 1 0 1 1 1 1 0 0 0 0 1 0 0 1 1 0 0 2 0 7 7 7 7 7 7 7 7 7 7 7 7 7 7 7 7 7 7 7 7 7 7 7 7 7 7 7 7 7 7 7 7 7 7 7 7 7 7 7 7 7 7 7 7 7 7 7 7 7 7 7 7 7 7 7 7 7 7 7 7 7 7 7 7 7 7 7 
13 41 10 7 5 15 12 24 17 8 7 10 10 9 5 9 7 7 11 20 8 4 10 10 25 14 17 11 6 12 13 10 32 14 8 8 11 20 6 7 6 8 15 23 25 16 6 6 14 9 8 16 6 7 120 120 120 120 120 120 120 120 120 120 120 120 120 120 120 120 120 120 120 120 120 120 120 120 120 120 120 120 120 120 120 120 120 120 120 120 120 120 120 120 120 120 120 120 120 120 120 120 120 120 120 120 120 120 120 120 120 120 120 120 120 120 120 120 120 120 
13 41 10 7 5 15 12 24 17 8 7 10 10 9 5 9 7 7 11 20 8 4 10 10 25 14 17 11 6 12 13 10 32 14 8 8 11 20 6 7 6 8 15 23 25 16 6 6 14 9 8 16 6 7 120 120 120 120 120 120 120 120 120 120 120 120 120 120 120 120 120 120 120 120 120 120 120 120 120 120 120 120 120 120 120 120 120 120 120 120 120 120 120 120 120 120 120 120 120 120 120 120 120 120 120 120 120 120 120 120 120 120 120 120 120 120 120 120 120 120 
13 41 10 7 5 15 12 24 17 8 7 10 10 9 5 9 7 7 11 20 8 4 10 10 25 14 17 11 6 12 13 10 32 14 8 8 11 20 6 7 6 8 15 23 25 16 6 6 14 9 8 16 6 7 120 120 120 120 120 120 120 120 120 120 120 120 120 120 120 120 120 120 120 120 120 120 120 120 120 120 120 120 120 120 120 120 120 120 120 120 120 120 120 120 120 120 120 120 120 120 120 120 120 120 120 120 120 120 120 120 120 120 120 120 120 120 120 120 120 120 
13 41 10 7 5 15 12 24 17 8 7 10 10 9 5 9 7 7 11 20 8 4 10 10 25 14 17 11 6 12 13 10 32 14 8 8 11 20 6 7 6 8 15 23 25 16 6 6 14 9 8 16 6 7 120 120 120 120 120 120 120 120 120 120 120 120 120 120 120 120 120 120 120 120 120 120 120 120 120 120 120 120 120 120 120 120 120 120 120 120 120 120 120 120 120 120 120 120 120 120 120 120 120 120 120 120 120 120 120 120 120 120 120 120 120 120 120 120 120 120 
13 41 10 7 5 15 12 24 17 8 7 10 10 9 5 9 7 7 11 20 8 4 10 10 25 14 17 11 6 12 13 10 32 14 8 8 11 20 6 7 6 8 15 23 25 16 6 6 14 9 8 16 6 7 120 120 120 120 120 120 120 120 120 120 120 120 120 120 120 120 120 120 120 120 120 120 120 120 120 120 120 120 120 120 120 120 120 120 120 120 120 120 120 120 120 120 120 120 120 120 120 120 120 120 120 120 120 120 120 120 120 120 120 120 120 120 120 120 120 120 
13 41 10 7 5 15 12 24 17 8 7 10 10 9 5 9 7 7 11 20 8 4 10 10 25 14 17 11 6 12 13 10 32 14 8 8 11 20 6 7 6 8 15 23 25 16 6 6 14 9 8 16 6 7 120 120 120 120 120 120 120 120 120 120 120 120 120 120 120 120 120 120 120 120 120 120 120 120 120 120 120 120 120 120 120 120 120 120 120 120 120 120 120 120 120 120 120 120 120 120 120 120 120 120 120 120 120 120 120 120 120 120 120 120 120 120 120 120 120 120 
13 41 10 7 5 15 12 24 17 8 7 10 10 9 5 9 7 7 11 20 8 4 10 10 25 14 17 11 6 12 13 10 32 14 8 8 11 20 6 7 6 8 15 23 25 16 6 6 14 9 8 16 6 7 120 120 120 120 120 120 120 120 120 120 120 120 120 120 120 120 120 120 120 120 120 120 120 120 120 120 120 120 120 120 120 120 120 120 120 120 120 120 120 120 120 120 120 120 120 120 120 120 120 120 120 120 120 120 120 120 120 120 120 120 120 120 120 120 120 120 
13 41 10 7 5 15 12 24 17 8 7 10 10 9 5 9 7 7 11 20 8 4 10 10 25 14 17 11 6 12 13 10 32 14 8 8 11 20 6 7 6 8 15 23 25 16 6 6 14 9 8 16 6 7 120 120 120 120 120 120 120 120 120 120 120 120 120 120 120 120 120 120 120 120 120 120 120 120 120 120 120 120 120 120 120 120 120 120 120 120 120 120 120 120 120 120 120 120 120 120 120 120 120 120 120 120 120 120 120 120 120 120 120 120 120 120 120 120 120 120 
13 41 10 7 5 15 12 24 17 8 7 10 10 9 5 9 7 7 11 20 8 4 10 10 25 14 17 11 6 12 13 10 32 14 8 8 11 20 6 7 6 8 15 23 25 16 6 6 14 9 8 16 6 7 120 120 120 120 120 120 120 120 120 120 120 120 120 120 120 120 120 120 120 120 120 120 120 120 120 120 120 120 120 120 120 120 120 120 120 120 120 120 120 120 120 120 120 120 120 120 120 120 120 120 120 120 120 120 120 120 120 120 120 120 120 120 120 120 120 120 
13 41 10 7 5 15 12 24 17 8 7 10 10 9 5 9 7 7 11 20 8 4 10 10 25 14 17 11 6 12 13 10 32 14 8 8 11 20 6 7 6 8 15 23 25 16 6 6 14 9 8 16 6 7 120 120 120 120 120 120 120 120 120 120 120 120 120 120 120 120 120 120 120 120 120 120 120 120 120 120 120 120 120 120 120 120 120 120 120 120 120 120 120 120 120 120 120 120 120 120 120 120 120 120 120 120 120 120 120 120 120 120 120 120 120 120 120 120 120 120 
13 41 10 7 5 15 12 24 17 8 7 10 10 9 5 9 7 7 11 20 8 4 10 10 25 14 17 11 6 12 13 10 32 14 8 8 11 20 6 7 6 8 15 23 25 16 6 6 14 9 8 16 6 7 120 120 120 120 120 120 120 120 120 120 120 120 120 120 120 120 120 120 120 120 120 120 120 120 120 120 120 120 120 120 120 120 120 120 120 120 120 120 120 120 120 120 120 120 120 120 120 120 120 120 120 120 120 120 120 120 120 120 120 120 120 120 120 120 120 120 
13 41 10 7 5 15 12 24 17 8 7 10 10 9 5 9 7 7 11 20 8 4 10 10 25 14 17 11 6 12 13 10 32 14 8 8 11 20 6 7 6 8 15 23 25 16 6 6 14 9 8 16 6 7 120 120 120 120 120 120 120 120 120 120 120 120 120 120 120 120 120 120 120 120 120 120 120 120 120 120 120 120 120 120 120 120 120 120 120 120 120 120 120 120 120 120 120 120 120 120 120 120 120 120 120 120 120 120 120 120 120 120 120 120 120 120 120 120 120 120 
13 41 10 7 5 15 12 24 17 8 7 10 10 9 5 9 7 7 11 20 8 4 10 10 25 14 17 11 6 12 13 10 32 14 8 8 11 20 6 7 6 8 15 23 25 16 6 6 14 9 8 16 6 7 120 120 120 120 120 120 120 120 120 120 120 120 120 120 120 120 120 120 120 120 120 120 120 120 120 120 120 120 120 120 120 120 120 120 120 120 120 120 120 120 120 120 120 120 120 120 120 120 120 120 120 120 120 120 120 120 120 120 120 120 120 120 120 120 120 120 
13 41 10 7 5 15 12 24 17 8 7 10 10 9 5 9 7 7 11 20 8 4 10 10 25 14 17 11 6 12 13 10 32 14 8 8 11 20 6 7 6 8 15 23 25 16 6 6 14 9 8 16 6 7 120 120 120 120 120 120 120 120 120 120 120 120 120 120 120 120 120 120 120 120 120 120 120 120 120 120 120 120 120 120 120 120 120 120 120 120 120 120 120 120 120 120 120 120 120 120 120 120 120 120 120 120 120 120 120 120 120 120 120 120 120 120 120 120 120 120 
13 41 10 7 5 15 12 24 17 8 7 10 10 9 5 9 7 7 11 20 8 4 10 10 25 14 17 11 6 12 13 10 32 14 8 8 11 20 6 7 6 8 15 23 25 16 6 6 14 9 8 16 6 7 120 120 120 120 120 120 120 120 120 120 120 120 120 120 120 120 120 120 120 120 120 120 120 120 120 120 120 120 120 120 120 120 120 120 120 120 120 120 120 120 120 120 120 120 120 120 120 120 120 120 120 120 120 120 120 120 120 120 120 120 120 120 120 120 120 120 
13 41 10 7 5 15 12 24 17 8 7 10 10 9 5 9 7 7 11 20 8 4 10 10 25 14 17 11 6 12 13 10 32 14 8 8 11 20 6 7 6 8 15 23 25 16 6 6 14 9 8 16 6 7 120 120 120 120 120 120 120 120 120 120 120 120 120 120 120 120 120 120 120 120 120 120 120 120 120 120 120 120 120 120 120 120 120 120 120 120 120 120 120 120 120 120 120 120 120 120 120 120 120 120 120 120 120 120 120 120 120 120 120 120 120 120 120 120 120 120 
13 41 10 7 5 15 12 24 17 8 7 10 10 9 5 9 7 7 11 20 8 4 10 10 25 14 17 11 6 12 13 10 32 14 8 8 11 20 6 7 6 8 15 23 25 16 6 6 14 9 8 16 6 7 120 120 120 120 120 120 120 120 120 120 120 120 120 120 120 120 120 120 120 120 120 120 120 120 120 120 120 120 120 120 120 120 120 120 120 120 120 120 120 120 120 120 120 120 120 120 120 120 120 120 120 120 120 120 120 120 120 120 120 120 120 120 120 120 120 120 
13 41 10 7 5 15 12 24 17 8 7 10 10 9 5 9 7 7 11 20 8 4 10 10 25 14 17 11 6 12 13 10 32 14 8 8 11 20 6 7 6 8 15 23 25 16 6 6 14 9 8 16 6 7 120 120 120 120 120 120 120 120 120 120 120 120 120 120 120 120 120 120 120 120 120 120 120 120 120 120 120 120 120 120 120 120 120 120 120 120 120 120 120 120 120 120 120 120 120 120 120 120 120 120 120 120 120 120 120 120 120 120 120 120 120 120 120 120 120 120 
13 41 10 7 5 15 12 24 17 8 7 10 10 9 5 9 7 7 11 20 8 4 10 10 25 14 17 11 6 12 13 10 32 14 8 8 11 20 6 7 6 8 15 23 25 16 6 6 14 9 8 16 6 7 120 120 120 120 120 120 120 120 120 120 120 120 120 120 120 120 120 120 120 120 120 120 120 120 120 120 120 120 120 120 120 120 120 120 120 120 120 120 120 120 120 120 120 120 120 120 120 120 120 120 120 120 120 120 120 120 120 120 120 120 120 120 120 120 120 120 
13 41 10 7 5 15 12 24 17 8 7 10 10 9 5 9 7 7 11 20 8 4 10 10 25 14 17 11 6 12 13 10 32 14 8 8 11 20 6 7 6 8 15 23 25 16 6 6 14 9 8 16 6 7 120 120 120 120 120 120 120 120 120 120 120 120 120 120 120 120 120 120 120 120 120 120 120 120 120 120 120 120 120 120 120 120 120 120 120 120 120 120 120 120 120 120 120 120 120 120 120 120 120 120 120 120 120 120 120 120 120 120 120 120 120 120 120 120 120 120 
13 41 10 7 5 15 12 24 17 8 7 10 10 9 5 9 7 7 11 20 8 4 10 10 25 14 17 11 6 12 13 10 32 14 8 8 11 20 6 7 6 8 15 23 25 16 6 6 14 9 8 16 6 7 120 120 120 120 120 120 120 120 120 120 120 120 120 120 120 120 120 120 120 120 120 120 120 120 120 120 120 120 120 120 120 120 120 120 120 120 120 120 120 120 120 120 120 120 120 120 120 120 120 120 120 120 120 120 120 120 120 120 120 120 120 120 120 120 120 120 
13 41 10 7 5 15 12 24 17 8 7 10 10 9 5 9 7 7 11 20 8 4 10 10 25 14 17 11 6 12 13 10 32 14 8 8 11 20 6 7 6 8 15 23 25 16 6 6 14 9 8 16 6 7 120 120 120 120 120 120 120 120 120 120 120 120 120 120 120 120 120 120 120 120 120 120 120 120 120 120 120 120 120 120 120 120 120 120 120 120 120 120 120 120 120 120 120 120 120 120 120 120 120 120 120 120 120 120 120 120 120 120 120 120 120 120 120 120 120 120 
13 41 10 7 5 15 12 24 17 8 7 10 10 9 5 9 7 7 11 20 8 4 10 10 25 14 17 11 6 12 13 10 32 14 8 8 11 20 6 7 6 8 15 23 25 16 6 6 14 9 8 16 6 7 120 120 120 120 120 120 120 120 120 120 120 120 120 120 120 120 120 120 120 120 120 120 120 120 120 120 120 120 120 120 120 120 120 120 120 120 120 120 120 120 120 120 120 120 120 120 120 120 120 120 120 120 120 120 120 120 120 120 120 120 120 120 120 120 120 120 
13 41 10 7 5 15 12 24 17 8 7 10 10 9 5 9 7 7 11 20 8 4 10 10 25 14 17 11 6 12 13 10 32 14 8 8 11 20 6 7 6 8 15 23 25 16 6 6 14 9 8 16 6 7 120 120 120 120 120 120 120 120 120 120 120 120 120 120 120 120 120 120 120 120 120 120 120 120 120 120 120 120 120 120 120 120 120 120 120 120 120 120 120 120 120 120 120 120 120 120 120 120 120 120 120 120 120 120 120 120 120 120 120 120 120 120 120 120 120 120 
13 41 10 7 5 15 12 24 17 8 7 10 10 9 5 9 7 7 11 20 8 4 10 10 25 14 17 11 6 12 13 10 32 14 8 8 11 20 6 7 6 8 15 23 25 16 6 6 14 9 8 16 6 7 120 120 120 120 120 120 120 120 120 120 120 120 120 120 120 120 120 120 120 120 120 120 120 120 120 120 120 120 120 120 120 120 120 120 120 120 120 120 120 120 120 120 120 120 120 120 120 120 120 120 120 120 120 120 120 120 120 120 120 120 120 120 120 120 120 120 
13 41 10 7 5 15 12 24 17 8 7 10 10 9 5 9 7 7 11 20 8 4 10 10 25 14 17 11 6 12 13 10 32 14 8 8 11 20 6 7 6 8 15 23 25 16 6 6 14 9 8 16 6 7 120 120 120 120 120 120 120 120 120 120 120 120 120 120 120 120 120 120 120 120 120 120 120 120 120 120 120 120 120 120 120 120 120 120 120 120 120 120 120 120 120 120 120 120 120 120 120 120 120 120 120 120 120 120 120 120 120 120 120 120 120 120 120 120 120 120 
13 41 10 7 5 15 12 24 17 8 7 10 10 9 5 9 7 7 11 20 8 4 10 10 25 14 17 11 6 12 13 10 32 14 8 8 11 20 6 7 6 8 15 23 25 16 6 6 14 9 8 16 6 7 120 120 120 120 120 120 120 120 120 120 120 120 120 120 120 120 120 120 120 120 120 120 120 120 120 120 120 120 120 120 120 120 120 120 120 120 120 120 120 120 120 120 120 120 120 120 120 120 120 120 120 120 120 120 120 120 120 120 120 120 120 120 120 120 120 120 
13 41 10 7 5 15 12 24 17 8 7 10 10 9 5 9 7 7 11 20 8 4 10 10 25 14 17 11 6 12 13 10 32 14 8 8 11 20 6 7 6 8 15 23 25 16 6 6 14 9 8 16 6 7 120 120 120 120 120 120 120 120 120 120 120 120 120 120 120 120 120 120 120 120 120 120 120 120 120 120 120 120 120 120 120 120 120 120 120 120 120 120 120 120 120 120 120 120 120 120 120 120 120 120 120 120 120 120 120 120 120 120 120 120 120 120 120 120 120 120 
13 41 10 7 5 15 12 24 17 8 7 10 10 9 5 9 7 7 11 20 8 4 10 10 25 14 17 11 6 12 13 10 32 14 8 8 11 20 6 7 6 8 15 23 25 16 6 6 14 9 8 16 6 7 120 120 120 120 120 120 120 120 120 120 120 120 120 120 120 120 120 120 120 120 120 120 120 120 120 120 120 120 120 120 120 120 120 120 120 120 120 120 120 120 120 120 120 120 120 120 120 120 120 120 120 120 120 120 120 120 120 120 120 120 120 120 120 120 120 120 
13 41 10 7 5 15 12 24 17 8 7 10 10 9 5 9 7 7 11 20 8 4 10 10 25 14 17 11 6 12 13 10 32 14 8 8 11 20 6 7 6 8 15 23 25 16 6 6 14 9 8 16 6 7 120 120 120 120 120 120 120 120 120 120 120 120 120 120 120 120 120 120 120 120 120 120 120 120 120 120 120 120 120 120 120 120 120 120 120 120 120 120 120 120 120 120 120 120 120 120 120 120 120 120 120 120 120 120 120 120 120 120 120 120 120 120 120 120 120 120 
13 41 10 7 5 15 12 24 17 8 7 10 10 9 5 9 7 7 11 20 8 4 10 10 25 14 17 11 6 12 13 10 32 14 8 8 11 20 6 7 6 8 15 23 25 16 6 6 14 9 8 16 6 7 120 120 120 120 120 120 120 120 120 120 120 120 120 120 120 120 120 120 120 120 120 120 120 120 120 120 120 120 120 120 120 120 120 120 120 120 120 120 120 120 120 120 120 120 120 120 120 120 120 120 120 120 120 120 120 120 120 120 120 120 120 120 120 120 120 120 
13 41 10 7 5 15 12 24 17 8 7 10 10 9 5 9 7 7 11 20 8 4 10 10 25 14 17 11 6 12 13 10 32 14 8 8 11 20 6 7 6 8 15 23 25 16 6 6 14 9 8 16 6 7 120 120 120 120 120 120 120 120 120 120 120 120 120 120 120 120 120 120 120 120 120 120 120 120 120 120 120 120 120 120 120 120 120 120 120 120 120 120 120 120 120 120 120 120 120 120 120 120 120 120 120 120 120 120 120 120 120 120 120 120 120 120 120 120 120 120 
13 41 10 7 5 15 12 24 17 8 7 10 10 9 5 9 7 7 11 20 8 4 10 10 25 14 17 11 6 12 13 10 32 14 8 8 11 20 6 7 6 8 15 23 25 16 6 6 14 9 8 16 6 7 120 120 120 120 120 120 120 120 120 120 120 120 120 120 120 120 120 120 120 120 120 120 120 120 120 120 120 120 120 120 120 120 120 120 120 120 120 120 120 120 120 120 120 120 120 120 120 120 120 120 120 120 120 120 120 120 120 120 120 120 120 120 120 120 120 120 
13 41 10 7 5 15 12 24 17 8 7 10 10 9 5 9 7 7 11 20 8 4 10 10 25 14 17 11 6 12 13 10 32 14 8 8 11 20 6 7 6 8 15 23 25 16 6 6 14 9 8 16 6 7 120 120 120 120 120 120 120 120 120 120 120 120 120 120 120 120 120 120 120 120 120 120 120 120 120 120 120 120 120 120 120 120 120 120 120 120 120 120 120 120 120 120 120 120 120 120 120 120 120 120 120 120 120 120 120 120 120 120 120 120 120 120 120 120 120 120 
13 41 10 7 5 15 12 24 17 8 7 10 10 9 5 9 7 7 11 20 8 4 10 10 25 14 17 11 6 12 13 10 32 14 8 8 11 20 6 7 6 8 15 23 25 16 6 6 14 9 8 16 6 7 120 120 120 120 120 120 120 120 120 120 120 120 120 120 120 120 120 120 120 120 120 120 120 120 120 120 120 120 120 120 120 120 120 120 120 120 120 120 120 120 120 120 120 120 120 120 120 120 120 120 120 120 120 120 120 120 120 120 120 120 120 120 120 120 120 120 
13 41 10 7 5 15 12 24 17 8 7 10 10 9 5 9 7 7 11 20 8 4 10 10 25 14 17 11 6 12 13 10 32 14 8 8 11 20 6 7 6 8 15 23 25 16 6 6 14 9 8 16 6 7 120 120 120 120 120 120 120 120 120 120 120 120 120 120 120 120 120 120 120 120 120 120 120 120 120 120 120 120 120 120 120 120 120 120 120 120 120 120 120 120 120 120 120 120 120 120 120 120 120 120 120 120 120 120 120 120 120 120 120 120 120 120 120 120 120 120 
13 41 10 7 5 15 12 24 17 8 7 10 10 9 5 9 7 7 11 20 8 4 10 10 25 14 17 11 6 12 13 10 32 14 8 8 11 20 6 7 6 8 15 23 25 16 6 6 14 9 8 16 6 7 120 120 120 120 120 120 120 120 120 120 120 120 120 120 120 120 120 120 120 120 120 120 120 120 120 120 120 120 120 120 120 120 120 120 120 120 120 120 120 120 120 120 120 120 120 120 120 120 120 120 120 120 120 120 120 120 120 120 120 120 120 120 120 120 120 120 
13 41 10 7 5 15 12 24 17 8 7 10 10 9 5 9 7 7 11 20 8 4 10 10 25 14 17 11 6 12 13 10 32 14 8 8 11 20 6 7 6 8 15 23 25 16 6 6 14 9 8 16 6 7 120 120 120 120 120 120 120 120 120 120 120 120 120 120 120 120 120 120 120 120 120 120 120 120 120 120 120 120 120 120 120 120 120 120 120 120 120 120 120 120 120 120 120 120 120 120 120 120 120 120 120 120 120 120 120 120 120 120 120 120 120 120 120 120 120 120 
13 41 10 7 5 15 12 24 17 8 7 10 10 9 5 9 7 7 11 20 8 4 10 10 25 14 17 11 6 12 13 10 32 14 8 8 11 20 6 7 6 8 15 23 25 16 6 6 14 9 8 16 6 7 120 120 120 120 120 120 120 120 120 120 120 120 120 120 120 120 120 120 120 120 120 120 120 120 120 120 120 120 120 120 120 120 120 120 120 120 120 120 120 120 120 120 120 120 120 120 120 120 120 120 120 120 120 120 120 120 120 120 120 120 120 120 120 120 120 120 
13 41 10 7 5 15 12 24 17 8 7 10 10 9 5 9 7 7 11 20 8 4 10 10 25 14 17 11 6 12 13 10 32 14 8 8 11 20 6 7 6 8 15 23 25 16 6 6 14 9 8 16 6 7 120 120 120 120 120 120 120 120 120 120 120 120 120 120 120 120 120 120 120 120 120 120 120 120 120 120 120 120 120 120 120 120 120 120 120 120 120 120 120 120 120 120 120 120 120 120 120 120 120 120 120 120 120 120 120 120 120 120 120 120 120 120 120 120 120 120 
13 41 10 7 5 15 12 24 17 8 7 10 10 9 5 9 7 7 11 20 8 4 10 10 25 14 17 11 6 12 13 10 32 14 8 8 11 20 6 7 6 8 15 23 25 16 6 6 14 9 8 16 6 7 120 120 120 120 120 120 120 120 120 120 120 120 120 120 120 120 120 120 120 120 120 120 120 120 120 120 120 120 120 120 120 120 120 120 120 120 120 120 120 120 120 120 120 120 120 120 120 120 120 120 120 120 120 120 120 120 120 120 120 120 120 120 120 120 120 120 
13 41 10 7 5 15 12 24 17 8 7 10 10 9 5 9 7 7 11 20 8 4 10 10 25 14 17 11 6 12 13 10 32 14 8 8 11 20 6 7 6 8 15 23 25 16 6 6 14 9 8 16 6 7 120 120 120 120 120 120 120 120 120 120 120 120 120 120 120 120 120 120 120 120 120 120 120 120 120 120 120 120 120 120 120 120 120 120 120 120 120 120 120 120 120 120 120 120 120 120 120 120 120 120 120 120 120 120 120 120 120 120 120 120 120 120 120 120 120 120 
13 41 10 7 5 15 12 24 17 8 7 10 10 9 5 9 7 7 11 20 8 4 10 10 25 14 17 11 6 12 13 10 32 14 8 8 11 20 6 7 6 8 15 23 25 16 6 6 14 9 8 16 6 7 120 120 120 120 120 120 120 120 120 120 120 120 120 120 120 120 120 120 120 120 120 120 120 120 120 120 120 120 120 120 120 120 120 120 120 120 120 120 120 120 120 120 120 120 120 120 120 120 120 120 120 120 120 120 120 120 120 120 120 120 120 120 120 120 120 120 
13 41 10 7 5 15 12 24 17 8 7 10 10 9 5 9 7 7 11 20 8 4 10 10 25 14 17 11 6 12 13 10 32 14 8 8 11 20 6 7 6 8 15 23 25 16 6 6 14 9 8 16 6 7 120 120 120 120 120 120 120 120 120 120 120 120 120 120 120 120 120 120 120 120 120 120 120 120 120 120 120 120 120 120 120 120 120 120 120 120 120 120 120 120 120 120 120 120 120 120 120 120 120 120 120 120 120 120 120 120 120 120 120 120 120 120 120 120 120 120 
13 41 10 7 5 15 12 24 17 8 7 10 10 9 5 9 7 7 11 20 8 4 10 10 25 14 17 11 6 12 13 10 32 14 8 8 11 20 6 7 6 8 15 23 25 16 6 6 14 9 8 16 6 7 120 120 120 120 120 120 120 120 120 120 120 120 120 120 120 120 120 120 120 120 120 120 120 120 120 120 120 120 120 120 120 120 120 120 120 120 120 120 120 120 120 120 120 120 120 120 120 120 120 120 120 120 120 120 120 120 120 120 120 120 120 120 120 120 120 120 
13 41 10 7 5 15 12 24 17 8 7 10 10 9 5 9 7 7 11 20 8 4 10 10 25 14 17 11 6 12 13 10 32 14 8 8 11 20 6 7 6 8 15 23 25 16 6 6 14 9 8 16 6 7 120 120 120 120 120 120 120 120 120 120 120 120 120 120 120 120 120 120 120 120 120 120 120 120 120 120 120 120 120 120 120 120 120 120 120 120 120 120 120 120 120 120 120 120 120 120 120 120 120 120 120 120 120 120 120 120 120 120 120 120 120 120 120 120 120 120 
13 41 10 7 5 15 12 24 17 8 7 10 10 9 5 9 7 7 11 20 8 4 10 10 25 14 17 11 6 12 13 10 32 14 8 8 11 20 6 7 6 8 15 23 25 16 6 6 14 9 8 16 6 7 120 120 120 120 120 120 120 120 120 120 120 120 120 120 120 120 120 120 120 120 120 120 120 120 120 120 120 120 120 120 120 120 120 120 120 120 120 120 120 120 120 120 120 120 120 120 120 120 120 120 120 120 120 120 120 120 120 120 120 120 120 120 120 120 120 120 
13 41 10 7 5 15 12 24 17 8 7 10 10 9 5 9 7 7 11 20 8 4 10 10 25 14 17 11 6 12 13 10 32 14 8 8 11 20 6 7 6 8 15 23 25 16 6 6 14 9 8 16 6 7 120 120 120 120 120 120 120 120 120 120 120 120 120 120 120 120 120 120 120 120 120 120 120 120 120 120 120 120 120 120 120 120 120 120 120 120 120 120 120 120 120 120 120 120 120 120 120 120 120 120 120 120 120 120 120 120 120 120 120 120 120 120 120 120 120 120 
13 41 10 7 5 15 12 24 17 8 7 10 10 9 5 9 7 7 11 20 8 4 10 10 25 14 17 11 6 12 13 10 32 14 8 8 11 20 6 7 6 8 15 23 25 16 6 6 14 9 8 16 6 7 120 120 120 120 120 120 120 120 120 120 120 120 120 120 120 120 120 120 120 120 120 120 120 120 120 120 120 120 120 120 120 120 120 120 120 120 120 120 120 120 120 120 120 120 120 120 120 120 120 120 120 120 120 120 120 120 120 120 120 120 120 120 120 120 120 120 
13 41 10 7 5 15 12 24 17 8 7 10 10 9 5 9 7 7 11 20 8 4 10 10 25 14 17 11 6 12 13 10 32 14 8 8 11 20 6 7 6 8 15 23 25 16 6 6 14 9 8 16 6 7 120 120 120 120 120 120 120 120 120 120 120 120 120 120 120 120 120 120 120 120 120 120 120 120 120 120 120 120 120 120 120 120 120 120 120 120 120 120 120 120 120 120 120 120 120 120 120 120 120 120 120 120 120 120 120 120 120 120 120 120 120 120 120 120 120 120 
13 41 10 7 5 15 12 24 17 8 7 10 10 9 5 9 7 7 11 20 8 4 10 10 25 14 17 11 6 12 13 10 32 14 8 8 11 20 6 7 6 8 15 23 25 16 6 6 14 9 8 16 6 7 120 120 120 120 120 120 120 120 120 120 120 120 120 120 120 120 120 120 120 120 120 120 120 120 120 120 120 120 120 120 120 120 120 120 120 120 120 120 120 120 120 120 120 120 120 120 120 120 120 120 120 120 120 120 120 120 120 120 120 120 120 120 120 120 120 120 
13 41 10 7 5 15 12 24 17 8 7 10 10 9 5 9 7 7 11 20 8 4 10 10 25 14 17 11 6 12 13 10 32 14 8 8 11 20 6 7 6 8 15 23 25 16 6 6 14 9 8 16 6 7 120 120 120 120 120 120 120 120 120 120 120 120 120 120 120 120 120 120 120 120 120 120 120 120 120 120 120 120 120 120 120 120 120 120 120 120 120 120 120 120 120 120 120 120 120 120 120 120 120 120 120 120 120 120 120 120 120 120 120 120 120 120 120 120 120 120 
13 41 10 7 5 15 12 24 17 8 7 10 10 9 5 9 7 7 11 20 8 4 10 10 25 14 17 11 6 12 13 10 32 14 8 8 11 20 6 7 6 8 15 23 25 16 6 6 14 9 8 16 6 7 120 120 120 120 120 120 120 120 120 120 120 120 120 120 120 120 120 120 120 120 120 120 120 120 120 120 120 120 120 120 120 120 120 120 120 120 120 120 120 120 120 120 120 120 120 120 120 120 120 120 120 120 120 120 120 120 120 120 120 120 120 120 120 120 120 120 
13 41 10 7 5 15 12 24 17 8 7 10 10 9 5 9 7 7 11 20 8 4 10 10 25 14 17 11 6 12 13 10 32 14 8 8 11 20 6 7 6 8 15 23 25 16 6 6 14 9 8 16 6 7 120 120 120 120 120 120 120 120 120 120 120 120 120 120 120 120 120 120 120 120 120 120 120 120 120 120 120 120 120 120 120 120 120 120 120 120 120 120 120 120 120 120 120 120 120 120 120 120 120 120 120 120 120 120 120 120 120 120 120 120 120 120 120 120 120 120 
13 41 10 7 5 15 12 24 17 8 7 10 10 9 5 9 7 7 11 20 8 4 10 10 25 14 17 11 6 12 13 10 32 14 8 8 11 20 6 7 6 8 15 23 25 16 6 6 14 9 8 16 6 7 120 120 120 120 120 120 120 120 120 120 120 120 120 120 120 120 120 120 120 120 120 120 120 120 120 120 120 120 120 120 120 120 120 120 120 120 120 120 120 120 120 120 120 120 120 120 120 120 120 120 120 120 120 120 120 120 120 120 120 120 120 120 120 120 120 120 
13 41 10 7 5 15 12 24 17 8 7 10 10 9 5 9 7 7 11 20 8 4 10 10 25 14 17 11 6 12 13 10 32 14 8 8 11 20 6 7 6 8 15 23 25 16 6 6 14 9 8 16 6 7 120 120 120 120 120 120 120 120 120 120 120 120 120 120 120 120 120 120 120 120 120 120 120 120 120 120 120 120 120 120 120 120 120 120 120 120 120 120 120 120 120 120 120 120 120 120 120 120 120 120 120 120 120 120 120 120 120 120 120 120 120 120 120 120 120 120 
13 41 10 7 5 15 12 24 17 8 7 10 10 9 5 9 7 7 11 20 8 4 10 10 25 14 17 11 6 12 13 10 32 14 8 8 11 20 6 7 6 8 15 23 25 16 6 6 14 9 8 16 6 7 120 120 120 120 120 120 120 120 120 120 120 120 120 120 120 120 120 120 120 120 120 120 120 120 120 120 120 120 120 120 120 120 120 120 120 120 120 120 120 120 120 120 120 120 120 120 120 120 120 120 120 120 120 120 120 120 120 120 120 120 120 120 120 120 120 120 
13 41 10 7 5 15 12 24 17 8 7 10 10 9 5 9 7 7 11 20 8 4 10 10 25 14 17 11 6 12 13 10 32 14 8 8 11 20 6 7 6 8 15 23 25 16 6 6 14 9 8 16 6 7 120 120 120 120 120 120 120 120 120 120 120 120 120 120 120 120 120 120 120 120 120 120 120 120 120 120 120 120 120 120 120 120 120 120 120 120 120 120 120 120 120 120 120 120 120 120 120 120 120 120 120 120 120 120 120 120 120 120 120 120 120 120 120 120 120 120 
13 41 10 7 5 15 12 24 17 8 7 10 10 9 5 9 7 7 11 20 8 4 10 10 25 14 17 11 6 12 13 10 32 14 8 8 11 20 6 7 6 8 15 23 25 16 6 6 14 9 8 16 6 7 120 120 120 120 120 120 120 120 120 120 120 120 120 120 120 120 120 120 120 120 120 120 120 120 120 120 120 120 120 120 120 120 120 120 120 120 120 120 120 120 120 120 120 120 120 120 120 120 120 120 120 120 120 120 120 120 120 120 120 120 120 120 120 120 120 120 
13 41 10 7 5 15 12 24 17 8 7 10 10 9 5 9 7 7 11 20 8 4 10 10 25 14 17 11 6 12 13 10 32 14 8 8 11 20 6 7 6 8 15 23 25 16 6 6 14 9 8 16 6 7 120 120 120 120 120 120 120 120 120 120 120 120 120 120 120 120 120 120 120 120 120 120 120 120 120 120 120 120 120 120 120 120 120 120 120 120 120 120 120 120 120 120 120 120 120 120 120 120 120 120 120 120 120 120 120 120 120 120 120 120 120 120 120 120 120 120 
13 41 10 7 5 15 12 24 17 8 7 10 10 9 5 9 7 7 11 20 8 4 10 10 25 14 17 11 6 12 13 10 32 14 8 8 11 20 6 7 6 8 15 23 25 16 6 6 14 9 8 16 6 7 120 120 120 120 120 120 120 120 120 120 120 120 120 120 120 120 120 120 120 120 120 120 120 120 120 120 120 120 120 120 120 120 120 120 120 120 120 120 120 120 120 120 120 120 120 120 120 120 120 120 120 120 120 120 120 120 120 120 120 120 120 120 120 120 120 120 
13 41 10 7 5 15 12 24 17 8 7 10 10 9 5 9 7 7 11 20 8 4 10 10 25 14 17 11 6 12 13 10 32 14 8 8 11 20 6 7 6 8 15 23 25 16 6 6 14 9 8 16 6 7 120 120 120 120 120 120 120 120 120 120 120 120 120 120 120 120 120 120 120 120 120 120 120 120 120 120 120 120 120 120 120 120 120 120 120 120 120 120 120 120 120 120 120 120 120 120 120 120 120 120 120 120 120 120 120 120 120 120 120 120 120 120 120 120 120 120 
13 41 10 7 5 15 12 24 17 8 7 10 10 9 5 9 7 7 11 20 8 4 10 10 25 14 17 11 6 12 13 10 32 14 8 8 11 20 6 7 6 8 15 23 25 16 6 6 14 9 8 16 6 7 120 120 120 120 120 120 120 120 120 120 120 120 120 120 120 120 120 120 120 120 120 120 120 120 120 120 120 120 120 120 120 120 120 120 120 120 120 120 120 120 120 120 120 120 120 120 120 120 120 120 120 120 120 120 120 120 120 120 120 120 120 120 120 120 120 120 
13 41 10 7 5 15 12 24 17 8 7 10 10 9 5 9 7 7 11 20 8 4 10 10 25 14 17 11 6 12 13 10 32 14 8 8 11 20 6 7 6 8 15 23 25 16 6 6 14 9 8 16 6 7 120 120 120 120 120 120 120 120 120 120 120 120 120 120 120 120 120 120 120 120 120 120 120 120 120 120 120 120 120 120 120 120 120 120 120 120 120 120 120 120 120 120 120 120 120 120 120 120 120 120 120 120 120 120 120 120 120 120 120 120 120 120 120 120 120 120 
13 41 10 7 5 15 12 24 17 8 7 10 10 9 5 9 7 7 11 20 8 4 10 10 25 14 17 11 6 12 13 10 32 14 8 8 11 20 6 7 6 8 15 23 25 16 6 6 14 9 8 16 6 7 120 120 120 120 120 120 120 120 120 120 120 120 120 120 120 120 120 120 120 120 120 120 120 120 120 120 120 120 120 120 120 120 120 120 120 120 120 120 120 120 120 120 120 120 120 120 120 120 120 120 120 120 120 120 120 120 120 120 120 120 120 120 120 120 120 120 
13 41 10 7 5 15 12 24 17 8 7 10 10 9 5 9 7 7 11 20 8 4 10 10 25 14 17 11 6 12 13 10 32 14 8 8 11 20 6 7 6 8 15 23 25 16 6 6 14 9 8 16 6 7 120 120 120 120 120 120 120 120 120 120 120 120 120 120 120 120 120 120 120 120 120 120 120 120 120 120 120 120 120 120 120 120 120 120 120 120 120 120 120 120 120 120 120 120 120 120 120 120 120 120 120 120 120 120 120 120 120 120 120 120 120 120 120 120 120 120 
